55.53514
56.12972
55.47701
55.53276
55.53082
55.55652
55.53808
55.54063
55.52019
55.52627
55.46136
55.48622
55.62147
55.46478
55.50874
59.85143
55.48300
55.58226
55.60568
55.48443
88.43146
55.53204
55.61696
55.42536
59.57298
55.40449
55.44482
55.91301
55.44335
55.53300
55.48411
55.52423
55.47800
55.48759
55.49336
55.46397
62.31217
55.45662
55.51558
55.45563
55.50537
55.54019
55.50098
55.51326
55.52055
55.47588
55.60208
73.17061
55.54851
55.57243
55.41296
55.54980
55.94992
55.43802
55.55936
55.53787
55.49407
55.55063
55.45767
55.43464
55.57177
55.50034
55.48107
55.60545
55.54169
55.44589
84.30251
55.54894
55.56002
55.46424
75.53341
55.90609
55.54051
55.47605
55.44639
56.02225
55.44856
55.45846
55.42608
55.45109
55.52211
55.44913
55.50506
55.54332
55.37970
55.55718
55.54686
55.49784
55.49627
55.44622
55.43571
55.53454
55.49221
55.42969
55.52262
55.39669
55.48283
55.52469
55.50615
55.48775
