55.83350
55.42733
55.44399
55.44464
55.51694
55.48476
55.60505
55.67580
56.02607
55.43970
55.45397
55.46277
55.43861
55.48291
55.54223
55.50366
55.55368
55.60123
55.45445
55.48813
55.40197
55.46934
55.54289
55.49077
55.45756
55.47109
55.97669
55.44359
55.44209
55.34866
55.43615
55.42641
55.50152
55.43935
55.47523
55.50500
55.43378
55.44199
55.36801
55.46938
55.50591
55.56491
55.49712
55.39699
55.47122
55.37407
55.51487
55.53598
55.47818
55.44613
55.49932
55.45253
55.45000
55.86062
55.39493
55.41798
55.60072
55.51333
55.40999
55.42967
55.47667
55.51469
55.39020
55.58593
55.50840
55.52721
55.62124
55.39848
55.46281
55.56803
55.43545
55.51838
55.45096
55.59525
55.43940
55.51431
55.42840
55.40339
55.45532
55.51677
55.46616
55.45339
55.46526
55.44293
55.42642
55.46686
55.46310
55.46339
55.54540
55.43646
55.38033
55.53215
55.38123
55.45838
55.60464
55.48002
55.48526
55.61747
55.47455
55.43792
