55.52584
55.33002
56.42910
55.52261
56.66275
58.51619
55.48532
55.49550
55.46469
55.51077
55.49024
55.42720
55.44161
55.49013
55.37611
55.33978
55.41532
56.01642
55.36888
55.78586
56.05999
55.51996
55.42560
55.46854
55.42760
55.51399
55.38996
55.50328
55.56648
55.44373
55.49686
55.44261
55.44308
55.53438
55.43410
55.43524
55.45017
55.45778
55.48474
55.39851
55.48493
55.47873
55.46113
55.44336
57.01952
55.46515
55.38675
55.55015
55.39224
55.51116
55.40713
55.37310
55.94721
55.48120
55.45496
55.48584
55.43544
55.43150
55.45647
55.41286
55.44503
55.46790
55.46259
55.53296
55.45652
55.50635
55.39526
56.06532
55.44995
55.48549
55.49175
55.83019
55.49373
55.53244
55.53575
55.47141
55.43348
55.52078
55.47978
55.41099
55.47991
55.36001
55.40670
55.54411
55.42092
55.83942
55.42022
57.32362
56.94870
55.50491
55.47002
55.44252
55.47352
55.42927
55.48224
55.90435
55.43310
55.45238
55.47105
55.40184
