55.62082
55.43767
55.53692
55.49889
55.52476
58.16705
55.46955
55.47127
55.35708
55.44199
55.43941
55.47871
55.86123
55.45642
55.56959
55.45394
55.47938
55.65364
55.50159
55.43153
55.52360
55.43186
55.42253
55.52161
55.50538
55.47024
55.64705
55.48360
55.44591
55.47276
55.43061
55.46591
63.06716
55.51534
55.44293
55.56125
55.79145
55.46332
55.43509
55.59176
55.39226
55.52801
55.49118
55.55766
55.44288
55.42367
55.47526
55.49362
55.57110
55.45889
55.42597
55.51862
60.25994
55.47380
55.44435
55.44828
55.46299
55.44219
55.40543
64.00182
55.47641
55.39714
55.49032
55.79263
55.50561
55.99085
57.86614
55.54978
55.46903
55.53765
55.43198
55.48277
55.92836
62.91618
55.51617
55.41800
55.51400
55.48461
55.45598
55.46158
61.11257
55.50229
55.51642
55.50630
55.46578
55.48449
55.45223
55.56346
55.44355
55.70128
55.44506
55.52888
55.45699
57.90651
55.49843
55.49030
55.99074
55.62091
55.42155
55.52649
