55.62750
55.63298
55.63201
55.63722
55.60768
55.60225
56.13184
55.66705
56.11259
58.79015
55.64476
55.58088
55.72722
55.60948
55.62732
55.58293
55.62234
55.66820
55.68422
55.63918
55.65930
55.62245
55.59776
56.07962
55.74980
55.60668
55.66542
55.60102
55.67570
55.59084
55.61624
55.64477
55.58555
55.56397
55.64259
55.68672
55.59992
56.11571
55.69762
55.64479
55.66961
55.62217
55.65180
55.70578
56.15895
55.63645
56.00766
55.62561
55.59764
55.68813
55.63960
56.28653
55.62403
55.64572
55.65571
55.69931
55.66255
55.64428
55.59240
55.67617
55.57125
55.60508
55.60176
55.60174
55.54673
55.69782
55.62511
55.60119
55.63006
55.63052
55.72514
55.62746
55.59312
55.65118
55.62558
55.74998
55.66507
55.75233
55.70071
55.61556
55.67330
55.63656
55.65859
55.68132
55.55812
55.72983
55.51420
55.66649
55.56202
55.64895
55.72112
55.66908
55.66237
55.74015
55.67630
55.65448
55.69457
55.64932
55.63174
55.59693
