61824.000 52.550 0.000 0.000 14736.000 12.526 800.000 0.680 0.000 0.000
221824.000 158.025 0.000 0.000 0.000 0.000 0.000 0.000 0.000 0.000
177984.000 137.400 25088.000 19.367 0.000 0.000 0.000 0.000 256.000 0.198
206720.000 159.777 0.000 0.000 0.000 0.000 0.000 0.000 0.000 0.000
169920.000 131.799 25088.000 19.460 0.000 0.000 0.000 0.000 256.000 0.199
215232.000 163.971 0.000 0.000 0.000 0.000 0.000 0.000 0.000 0.000
187968.000 135.361 25088.000 18.067 0.000 0.000 0.000 0.000 256.000 0.184
208512.000 159.630 0.000 0.000 0.000 0.000 0.000 0.000 0.000 0.000
171968.000 132.642 25088.000 19.351 0.000 0.000 0.000 0.000 256.000 0.197
190528.000 138.840 12544.000 9.141 0.000 0.000 0.000 0.000 256.000 0.187
203904.000 156.241 12544.000 9.612 0.000 0.000 0.000 0.000 0.000 0.000
175744.000 136.922 25088.000 19.546 0.000 0.000 0.000 0.000 256.000 0.199
209408.000 161.365 0.000 0.000 0.000 0.000 0.000 0.000 0.000 0.000
185728.000 134.089 25088.000 18.113 0.000 0.000 0.000 0.000 256.000 0.185
210752.000 160.073 0.000 0.000 0.000 0.000 0.000 0.000 0.000 0.000
101952.000 74.948 25088.000 18.443 0.000 0.000 0.000 0.000 256.000 0.188
96448.000 68.011 0.000 0.000 14736.000 10.391 800.000 0.564 0.000 0.000
225024.000 159.690 0.000 0.000 0.000 0.000 0.000 0.000 0.000 0.000
176960.000 135.683 25088.000 19.236 0.000 0.000 0.000 0.000 256.000 0.196
208384.000 159.061 0.000 0.000 0.000 0.000 0.000 0.000 0.000 0.000
176768.000 135.556 25088.000 19.239 0.000 0.000 0.000 0.000 256.000 0.196
203904.000 144.911 0.000 0.000 0.000 0.000 0.000 0.000 128.000 0.091
194368.000 149.288 25088.000 19.269 0.000 0.000 0.000 0.000 128.000 0.098
171200.000 130.791 25088.000 19.166 0.000 0.000 0.000 0.000 256.000 0.196
213504.000 163.298 0.000 0.000 0.000 0.000 0.000 0.000 0.000 0.000
179904.000 137.835 25088.000 19.221 0.000 0.000 0.000 0.000 256.000 0.196
215232.000 156.312 0.000 0.000 0.000 0.000 0.000 0.000 0.000 0.000
180224.000 138.968 25088.000 19.345 0.000 0.000 0.000 0.000 256.000 0.197
216960.000 156.357 0.000 0.000 0.000 0.000 0.000 0.000 0.000 0.000
179264.000 137.942 25088.000 19.305 0.000 0.000 0.000 0.000 256.000 0.197
205184.000 157.355 0.000 0.000 0.000 0.000 0.000 0.000 0.000 0.000
56640.000 39.792 25088.000 17.626 0.000 0.000 0.000 0.000 256.000 0.180
145088.000 105.612 0.000 0.000 14736.000 10.727 800.000 0.582 0.000 0.000
209152.000 158.736 0.000 0.000 0.000 0.000 0.000 0.000 0.000 0.000
176960.000 136.295 25088.000 19.323 0.000 0.000 0.000 0.000 256.000 0.197
193728.000 149.430 0.000 0.000 0.000 0.000 0.000 0.000 0.000 0.000
203904.000 143.377 25088.000 17.641 0.000 0.000 0.000 0.000 256.000 0.180
180864.000 138.422 25088.000 19.201 0.000 0.000 0.000 0.000 256.000 0.196
204288.000 157.195 0.000 0.000 0.000 0.000 0.000 0.000 0.000 0.000
173504.000 133.528 25088.000 19.308 0.000 0.000 0.000 0.000 256.000 0.197
211648.000 161.274 0.000 0.000 0.000 0.000 0.000 0.000 0.000 0.000
175680.000 134.566 25088.000 19.217 0.000 0.000 0.000 0.000 256.000 0.196
209408.000 159.721 0.000 0.000 0.000 0.000 0.000 0.000 0.000 0.000
192576.000 137.976 25088.000 17.975 0.000 0.000 0.000 0.000 256.000 0.183
203904.000 157.101 0.000 0.000 0.000 0.000 0.000 0.000 0.000 0.000
173440.000 134.913 25088.000 19.515 0.000 0.000 0.000 0.000 256.000 0.199
211712.000 162.738 0.000 0.000 0.000 0.000 0.000 0.000 0.000 0.000
62144.000 39.796 25088.000 16.066 1488.000 0.953 296.000 0.190 256.000 0.164
238080.000 169.941 50176.000 35.815 0.000 0.000 0.000 0.000 1024.000 0.731
141312.000 107.129 94080.000 71.322 3088.000 2.341 128.000 0.097 4480.000 3.396
192512.000 133.410 31360.000 21.732 1280.000 0.887 1808.000 1.253 640.000 0.444
288768.000 210.653 31360.000 22.877 0.000 0.000 0.000 0.000 640.000 0.467
168112.000 121.626 19600.000 14.180 960.000 0.695 800.000 0.579 3200.000 2.315
253584.000 184.395 19600.000 14.252 240.000 0.175 736.000 0.535 1600.000 1.163
145312.000 106.839 19600.000 14.411 1424.000 1.047 2140.000 1.573 1600.000 1.176
291920.000 211.859 0.000 0.000 0.000 0.000 0.000 0.000 0.000 0.000
260304.000 190.512 0.000 0.000 0.000 0.000 0.000 0.000 0.000 0.000
265152.000 193.371 0.000 0.000 0.000 0.000 0.000 0.000 0.000 0.000
291920.000 200.533 0.000 0.000 0.000 0.000 0.000 0.000 0.000 0.000
233536.000 156.744 19600.000 13.155 0.000 0.000 0.000 0.000 3200.000 2.148
254672.000 183.399 0.000 0.000 1392.000 1.002 2136.000 1.538 0.000 0.000
270784.000 198.510 0.000 0.000 0.000 0.000 0.000 0.000 0.000 0.000
285520.000 210.113 0.000 0.000 0.000 0.000 0.000 0.000 0.000 0.000
263376.000 192.102 0.000 0.000 0.000 0.000 0.000 0.000 0.000 0.000
268480.000 197.968 0.000 0.000 0.000 0.000 0.000 0.000 0.000 0.000
116768.000 79.320 19600.000 13.314 0.000 0.000 0.000 0.000 1600.000 1.087
