71424.000 31.212 0.000 0.000 21248.000 9.285 240.000 0.105 0.000 0.000
202496.000 145.089 28672.000 20.544 1024.000 0.734 0.000 0.000 512.000 0.367
188928.000 145.561 14336.000 11.045 1024.000 0.789 0.000 0.000 512.000 0.394
231424.000 178.695 14336.000 11.070 768.000 0.593 0.000 0.000 0.000 0.000
179328.000 138.511 28672.000 22.146 1024.000 0.791 0.000 0.000 512.000 0.395
190336.000 145.535 28672.000 21.923 1024.000 0.783 0.000 0.000 512.000 0.391
199680.000 154.520 28672.000 22.187 768.000 0.594 0.000 0.000 512.000 0.396
1167360.000 155.465 143360.000 19.092 5632.000 0.750 0.000 0.000 2560.000 0.341
215040.000 163.369 0.000 0.000 768.000 0.583 0.000 0.000 256.000 0.194
230400.000 177.829 28672.000 22.130 768.000 0.593 0.000 0.000 256.000 0.198
215040.000 156.679 28672.000 20.890 1280.000 0.933 0.000 0.000 512.000 0.373
199424.000 152.897 28672.000 21.983 768.000 0.589 0.000 0.000 512.000 0.393
187776.000 145.810 28672.000 22.264 1024.000 0.795 0.000 0.000 512.000 0.398
196480.000 152.246 28672.000 22.217 1024.000 0.793 0.000 0.000 512.000 0.397
199680.000 155.180 14336.000 11.141 768.000 0.597 0.000 0.000 512.000 0.398
242432.000 185.977 14336.000 10.998 768.000 0.589 0.000 0.000 0.000 0.000
191232.000 147.603 28672.000 22.131 1024.000 0.790 0.000 0.000 512.000 0.395
211456.000 155.321 28672.000 21.061 1024.000 0.752 0.000 0.000 512.000 0.376
2426880.000 157.061 286720.000 18.556 11008.000 0.712 0.000 0.000 5120.000 0.331
203776.000 153.669 28672.000 21.622 1024.000 0.772 0.000 0.000 512.000 0.386
195584.000 149.519 28672.000 21.919 1024.000 0.783 0.000 0.000 512.000 0.391
215040.000 166.093 0.000 0.000 768.000 0.593 0.000 0.000 256.000 0.198
1213184.000 161.579 143360.000 19.093 5376.000 0.716 0.000 0.000 2304.000 0.307
199936.000 150.190 28672.000 21.538 1024.000 0.769 0.000 0.000 512.000 0.385
194176.000 148.800 28672.000 21.972 912.000 0.699 0.000 0.000 512.000 0.392
205184.000 150.552 28672.000 21.038 0.000 0.000 0.000 0.000 512.000 0.376
213120.000 156.478 28672.000 21.052 0.000 0.000 0.000 0.000 512.000 0.376
186240.000 144.289 14336.000 11.107 0.000 0.000 0.000 0.000 512.000 0.397
245760.000 186.142 14336.000 10.858 0.000 0.000 0.000 0.000 0.000 0.000
200192.000 154.445 28672.000 22.120 0.000 0.000 0.000 0.000 512.000 0.395
199168.000 154.324 28672.000 22.216 0.000 0.000 0.000 0.000 512.000 0.397
193792.000 151.430 28672.000 22.404 0.000 0.000 0.000 0.000 512.000 0.400
190208.000 148.029 28672.000 22.314 0.000 0.000 0.000 0.000 512.000 0.398
209536.000 148.922 28672.000 20.378 0.000 0.000 0.000 0.000 512.000 0.364
235904.000 181.413 0.000 0.000 0.000 0.000 0.000 0.000 0.000 0.000
215040.000 166.109 28672.000 22.148 0.000 0.000 0.000 0.000 512.000 0.395
205824.000 151.322 28672.000 21.080 0.000 0.000 0.000 0.000 512.000 0.376
193536.000 149.318 28672.000 22.121 0.000 0.000 0.000 0.000 512.000 0.395
199680.000 152.689 28672.000 21.925 0.000 0.000 0.000 0.000 512.000 0.392
199680.000 153.431 28672.000 22.031 0.000 0.000 0.000 0.000 512.000 0.393
215040.000 158.994 0.000 0.000 0.000 0.000 0.000 0.000 256.000 0.189
230400.000 177.420 28672.000 22.079 0.000 0.000 0.000 0.000 256.000 0.197
188928.000 146.174 28672.000 22.184 0.000 0.000 0.000 0.000 512.000 0.396
183552.000 141.895 28672.000 22.165 0.000 0.000 0.000 0.000 512.000 0.396
178944.000 139.191 28672.000 22.302 0.000 0.000 0.000 0.000 512.000 0.398
187136.000 145.792 28672.000 22.338 0.000 0.000 0.000 0.000 512.000 0.399
202496.000 158.072 0.000 0.000 0.000 0.000 0.000 0.000 256.000 0.200
0.000 0.000 28672.000 18.455 0.000 0.000 0.000 0.000 256.000 0.165
0.000 0.000 0.000 0.000 0.000 0.000 0.000 0.000 0.000 0.000
0.000 0.000 0.000 0.000 0.000 0.000 0.000 0.000 0.000 0.000
0.000 0.000 0.000 0.000 0.000 0.000 0.000 0.000 0.000 0.000
0.000 0.000 0.000 0.000 0.000 0.000 0.000 0.000 0.000 0.000
97792.000 71.086 0.000 0.000 21504.000 15.632 240.000 0.174 0.000 0.000
191488.000 144.639 28672.000 21.657 1024.000 0.773 0.000 0.000 512.000 0.387
196096.000 141.951 28672.000 20.755 768.000 0.556 0.000 0.000 512.000 0.371
208896.000 159.788 0.000 0.000 768.000 0.587 0.000 0.000 256.000 0.196
203648.000 158.290 28672.000 22.286 1024.000 0.796 0.000 0.000 256.000 0.199
196736.000 151.176 28672.000 22.032 1024.000 0.787 0.000 0.000 512.000 0.393
199680.000 153.766 28672.000 22.079 1024.000 0.789 0.000 0.000 512.000 0.394
215040.000 153.459 28672.000 20.461 1024.000 0.731 0.000 0.000 512.000 0.365
194944.000 150.218 28672.000 22.094 1024.000 0.789 0.000 0.000 512.000 0.395
204416.000 158.757 0.000 0.000 512.000 0.398 0.000 0.000 256.000 0.199
245760.000 169.877 28672.000 19.819 1024.000 0.708 0.000 0.000 256.000 0.177
215040.000 164.859 28672.000 21.981 1280.000 0.981 0.000 0.000 512.000 0.393
192768.000 149.407 28672.000 22.223 768.000 0.595 0.000 0.000 512.000 0.397
191232.000 149.145 28672.000 22.362 1024.000 0.799 0.000 0.000 512.000 0.399
195200.000 151.276 28672.000 22.220 1024.000 0.794 0.000 0.000 512.000 0.397
188672.000 141.811 18216.000 13.692 768.000 0.577 0.000 0.000 512.000 0.385
245760.000 187.881 10448.000 7.987 768.000 0.587 0.000 0.000 0.000 0.000
229888.000 166.889 28672.000 20.815 1024.000 0.743 0.000 0.000 512.000 0.372
200192.000 151.242 28672.000 21.661 1024.000 0.774 0.000 0.000 512.000 0.387
191232.000 146.677 28672.000 21.992 1024.000 0.785 0.000 0.000 512.000 0.393
196736.000 150.786 28672.000 21.975 1024.000 0.785 0.000 0.000 512.000 0.392
217856.000 154.274 28672.000 20.304 1024.000 0.725 0.000 0.000 512.000 0.363
192896.000 148.594 14336.000 11.043 1024.000 0.789 0.000 0.000 512.000 0.394
245760.000 189.606 14336.000 11.060 512.000 0.395 0.000 0.000 0.000 0.000
199680.000 152.540 28672.000 21.903 1280.000 0.978 0.000 0.000 512.000 0.391
215040.000 155.081 28672.000 20.677 768.000 0.554 0.000 0.000 512.000 0.369
192512.000 149.268 28672.000 22.231 1024.000 0.794 0.000 0.000 512.000 0.397
191488.000 148.485 28672.000 22.233 1024.000 0.794 0.000 0.000 512.000 0.397
184320.000 143.604 14336.000 11.169 768.000 0.598 0.000 0.000 512.000 0.399
245760.000 187.451 14336.000 10.935 768.000 0.586 0.000 0.000 0.000 0.000
215040.000 164.541 28672.000 21.939 1280.000 0.979 0.000 0.000 512.000 0.392
188544.000 146.291 28672.000 22.247 768.000 0.596 0.000 0.000 512.000 0.397
195456.000 152.134 28672.000 22.317 1024.000 0.797 0.000 0.000 512.000 0.399
221952.000 153.537 28672.000 19.834 1024.000 0.708 0.000 0.000 512.000 0.354
198528.000 150.775 28672.000 21.775 1024.000 0.778 0.000 0.000 512.000 0.389
209280.000 160.464 0.000 0.000 768.000 0.589 0.000 0.000 256.000 0.196
230400.000 180.020 28672.000 22.402 768.000 0.600 0.000 0.000 256.000 0.200
208640.000 154.232 28672.000 21.195 1024.000 0.757 0.000 0.000 512.000 0.378
190720.000 147.117 28672.000 22.117 1024.000 0.790 0.000 0.000 512.000 0.395
199680.000 152.344 28672.000 21.875 1024.000 0.781 0.000 0.000 512.000 0.391
215040.000 157.078 28672.000 20.944 1024.000 0.748 0.000 0.000 512.000 0.374
184320.000 140.784 14336.000 10.950 1024.000 0.782 0.000 0.000 512.000 0.391
245760.000 188.192 14336.000 10.978 512.000 0.392 0.000 0.000 0.000 0.000
210816.000 160.508 28672.000 21.830 1280.000 0.975 0.000 0.000 512.000 0.390
194304.000 148.681 28672.000 21.940 656.000 0.502 0.000 0.000 512.000 0.392
193920.000 149.029 28672.000 22.035 0.000 0.000 0.000 0.000 512.000 0.393
199680.000 155.398 28672.000 22.314 0.000 0.000 0.000 0.000 512.000 0.398
184320.000 142.985 14336.000 11.121 0.000 0.000 0.000 0.000 512.000 0.397
245760.000 176.745 14336.000 10.310 0.000 0.000 0.000 0.000 256.000 0.184
217600.000 166.929 28672.000 21.995 0.000 0.000 0.000 0.000 256.000 0.196
197120.000 152.511 28672.000 22.183 0.000 0.000 0.000 0.000 512.000 0.396
199680.000 155.850 28672.000 22.378 0.000 0.000 0.000 0.000 512.000 0.400
184320.000 142.834 28672.000 22.219 0.000 0.000 0.000 0.000 512.000 0.397
194304.000 148.549 28672.000 21.920 0.000 0.000 0.000 0.000 512.000 0.391
235776.000 181.223 0.000 0.000 0.000 0.000 0.000 0.000 0.000 0.000
245760.000 166.371 28672.000 19.410 0.000 0.000 0.000 0.000 512.000 0.347
199680.000 153.265 28672.000 22.007 0.000 0.000 0.000 0.000 512.000 0.393
199040.000 152.442 28672.000 21.959 0.000 0.000 0.000 0.000 512.000 0.392
196608.000 150.257 28672.000 21.912 0.000 0.000 0.000 0.000 512.000 0.391
193280.000 149.271 28672.000 22.143 0.000 0.000 0.000 0.000 512.000 0.395
194304.000 149.988 14336.000 11.066 0.000 0.000 0.000 0.000 512.000 0.395
245760.000 189.571 14336.000 11.058 0.000 0.000 0.000 0.000 0.000 0.000
188928.000 145.647 28672.000 22.104 0.000 0.000 0.000 0.000 512.000 0.395
190976.000 140.255 28672.000 21.057 0.000 0.000 0.000 0.000 512.000 0.376
185088.000 143.545 28672.000 22.237 0.000 0.000 0.000 0.000 512.000 0.397
187136.000 145.229 28672.000 22.251 0.000 0.000 0.000 0.000 512.000 0.397
173568.000 134.672 14336.000 11.123 0.000 0.000 0.000 0.000 512.000 0.397
0.000 0.000 14336.000 9.269 0.000 0.000 0.000 0.000 0.000 0.000
231424.000 26.951 14336.000 1.670 22272.000 2.594 240.000 0.028 512.000 0.060
231424.000 167.860 14336.000 10.398 768.000 0.557 0.000 0.000 0.000 0.000
196736.000 152.097 28672.000 22.166 1024.000 0.792 0.000 0.000 512.000 0.396
179200.000 139.915 28672.000 22.386 768.000 0.600 0.000 0.000 512.000 0.400
188160.000 146.302 28672.000 22.294 1024.000 0.796 0.000 0.000 512.000 0.398
221184.000 153.610 28672.000 19.912 1024.000 0.711 0.000 0.000 512.000 0.356
199680.000 153.914 28672.000 22.100 1024.000 0.789 0.000 0.000 512.000 0.395
223360.000 148.903 28672.000 19.114 1024.000 0.683 0.000 0.000 512.000 0.341
237440.000 182.953 0.000 0.000 768.000 0.592 0.000 0.000 0.000 0.000
215040.000 164.580 28672.000 21.944 1024.000 0.784 0.000 0.000 512.000 0.392
194176.000 149.916 28672.000 22.137 1024.000 0.791 0.000 0.000 512.000 0.395
189824.000 147.487 28672.000 22.277 1024.000 0.796 0.000 0.000 512.000 0.398
230400.000 158.622 28672.000 19.740 1024.000 0.705 0.000 0.000 512.000 0.352
192640.000 147.771 28672.000 21.994 768.000 0.589 0.000 0.000 512.000 0.393
206720.000 156.566 14336.000 10.858 1024.000 0.776 0.000 0.000 512.000 0.388
245760.000 187.883 14336.000 10.960 768.000 0.587 0.000 0.000 0.000 0.000
192384.000 148.742 28672.000 22.168 1024.000 0.792 0.000 0.000 512.000 0.396
191616.000 149.529 28672.000 22.374 1024.000 0.799 0.000 0.000 512.000 0.400
195072.000 151.709 28672.000 22.298 768.000 0.597 0.000 0.000 512.000 0.398
194048.000 148.748 28672.000 21.979 1024.000 0.785 0.000 0.000 512.000 0.392
209920.000 147.196 17136.000 12.016 1024.000 0.718 0.000 0.000 512.000 0.359
245760.000 190.056 11528.000 8.915 768.000 0.594 0.000 0.000 0.000 0.000
207104.000 159.980 28672.000 22.148 1024.000 0.791 0.000 0.000 512.000 0.396
192256.000 149.058 28672.000 22.230 1024.000 0.794 0.000 0.000 512.000 0.397
197376.000 152.661 28672.000 22.177 1024.000 0.792 0.000 0.000 512.000 0.396
191232.000 147.969 28672.000 22.185 768.000 0.594 0.000 0.000 512.000 0.396
195072.000 152.440 14336.000 11.203 1024.000 0.800 0.000 0.000 512.000 0.400
245760.000 174.471 14336.000 10.177 768.000 0.545 0.000 0.000 128.000 0.091
215040.000 163.412 28672.000 21.788 1024.000 0.778 0.000 0.000 384.000 0.292
228864.000 158.631 28672.000 19.873 1024.000 0.710 0.000 0.000 512.000 0.355
192000.000 148.358 28672.000 22.155 1024.000 0.791 0.000 0.000 512.000 0.396
193536.000 150.702 28672.000 22.326 1024.000 0.797 0.000 0.000 512.000 0.399
191744.000 149.095 28672.000 22.295 768.000 0.597 0.000 0.000 512.000 0.398
207616.000 158.043 7400.000 5.633 1024.000 0.779 0.000 0.000 384.000 0.292
243072.000 186.607 21264.000 16.324 768.000 0.590 0.000 0.000 128.000 0.098
248448.000 157.710 28672.000 18.200 1280.000 0.813 0.000 0.000 512.000 0.325
191488.000 147.201 28672.000 22.041 768.000 0.590 0.000 0.000 512.000 0.394
192512.000 147.420 28672.000 21.956 1024.000 0.784 0.000 0.000 512.000 0.392
199680.000 152.865 28672.000 21.950 1024.000 0.784 0.000 0.000 512.000 0.392
199680.000 153.511 28672.000 22.043 1024.000 0.787 0.000 0.000 512.000 0.394
199680.000 155.250 10808.000 8.403 768.000 0.597 0.000 0.000 384.000 0.299
243456.000 188.317 17856.000 13.812 768.000 0.594 0.000 0.000 128.000 0.099
217344.000 152.216 28672.000 20.080 1280.000 0.896 0.000 0.000 512.000 0.359
196480.000 149.994 28672.000 21.888 656.000 0.501 0.000 0.000 512.000 0.391
188288.000 145.900 28672.000 22.217 0.000 0.000 0.000 0.000 512.000 0.397
198784.000 154.499 28672.000 22.284 0.000 0.000 0.000 0.000 512.000 0.398
184320.000 141.833 14336.000 11.031 0.000 0.000 0.000 0.000 512.000 0.394
245760.000 188.319 14336.000 10.985 0.000 0.000 0.000 0.000 0.000 0.000
206976.000 159.867 28672.000 22.146 0.000 0.000 0.000 0.000 512.000 0.395
192384.000 150.217 28672.000 22.388 0.000 0.000 0.000 0.000 512.000 0.400
211840.000 155.598 28672.000 21.060 0.000 0.000 0.000 0.000 512.000 0.376
187520.000 145.148 28672.000 22.193 0.000 0.000 0.000 0.000 512.000 0.396
191744.000 146.716 28672.000 21.939 0.000 0.000 0.000 0.000 512.000 0.392
238336.000 183.830 0.000 0.000 0.000 0.000 0.000 0.000 0.000 0.000
245760.000 169.662 28672.000 19.794 0.000 0.000 0.000 0.000 512.000 0.353
184320.000 143.335 28672.000 22.297 0.000 0.000 0.000 0.000 512.000 0.398
199680.000 154.640 28672.000 22.205 0.000 0.000 0.000 0.000 512.000 0.397
205184.000 150.434 28672.000 21.021 0.000 0.000 0.000 0.000 512.000 0.375
194176.000 148.591 28672.000 21.941 0.000 0.000 0.000 0.000 512.000 0.392
199680.000 154.752 14336.000 11.110 0.000 0.000 0.000 0.000 512.000 0.397
245760.000 189.766 14336.000 11.070 0.000 0.000 0.000 0.000 0.000 0.000
183680.000 141.490 28672.000 22.086 0.000 0.000 0.000 0.000 512.000 0.394
183680.000 141.860 28672.000 22.144 0.000 0.000 0.000 0.000 512.000 0.395
190592.000 143.411 28672.000 21.574 0.000 0.000 0.000 0.000 512.000 0.385
180608.000 140.464 28672.000 22.299 0.000 0.000 0.000 0.000 512.000 0.398
187136.000 134.305 28672.000 20.577 0.000 0.000 0.000 0.000 512.000 0.367
0.000 0.000 0.000 0.000 0.000 0.000 0.000 0.000 0.000 0.000
0.000 0.000 0.000 0.000 0.000 0.000 0.000 0.000 0.000 0.000
0.000 0.000 0.000 0.000 0.000 0.000 0.000 0.000 0.000 0.000
0.000 0.000 0.000 0.000 0.000 0.000 0.000 0.000 0.000 0.000
0.000 0.000 0.000 0.000 0.000 0.000 0.000 0.000 0.000 0.000
0.000 0.000 0.000 0.000 0.000 0.000 0.000 0.000 0.000 0.000
0.000 0.000 0.000 0.000 0.000 0.000 0.000 0.000 0.000 0.000
231424.000 30.030 0.000 0.000 20736.000 2.691 240.000 0.031 128.000 0.017
231424.000 172.338 28672.000 21.352 1024.000 0.763 0.000 0.000 128.000 0.095
195200.000 149.675 28672.000 21.985 768.000 0.589 0.000 0.000 256.000 0.196
209792.000 152.030 28672.000 20.778 768.000 0.557 0.000 0.000 256.000 0.186
211456.000 160.422 28672.000 21.752 1024.000 0.777 0.000 0.000 256.000 0.194
215040.000 164.671 28672.000 21.956 768.000 0.588 0.000 0.000 256.000 0.196
205184.000 158.549 28672.000 22.155 1024.000 0.791 0.000 0.000 256.000 0.198
220288.000 165.184 28672.000 21.500 768.000 0.576 0.000 0.000 256.000 0.192
196992.000 152.780 28672.000 22.237 1024.000 0.794 0.000 0.000 256.000 0.199
241280.000 162.862 28392.000 19.164 1024.000 0.691 0.000 0.000 256.000 0.173
2582272.000 167.340 286992.000 18.598 10496.000 0.680 0.000 0.000 2560.000 0.166
213248.000 160.350 28672.000 21.560 1024.000 0.770 0.000 0.000 256.000 0.192
211456.000 161.366 28672.000 21.880 1024.000 0.781 0.000 0.000 256.000 0.195
215040.000 166.511 28672.000 22.201 768.000 0.595 0.000 0.000 256.000 0.198
215040.000 166.290 0.000 0.000 1024.000 0.792 0.000 0.000 128.000 0.099
1228800.000 163.272 161512.000 21.460 5120.000 0.680 0.000 0.000 1408.000 0.187
245760.000 183.288 10512.000 7.840 1024.000 0.764 0.000 0.000 0.000 0.000
230400.000 177.103 28672.000 22.039 768.000 0.590 0.000 0.000 256.000 0.197
230400.000 164.736 28672.000 20.501 1024.000 0.732 0.000 0.000 256.000 0.183
212736.000 162.657 28672.000 21.923 768.000 0.587 0.000 0.000 256.000 0.196
202624.000 155.774 28672.000 22.042 1024.000 0.787 0.000 0.000 256.000 0.197
214400.000 164.172 28672.000 21.955 768.000 0.588 0.000 0.000 256.000 0.196
215040.000 160.923 28672.000 21.456 1024.000 0.766 0.000 0.000 256.000 0.192
215040.000 165.316 28672.000 22.042 768.000 0.590 0.000 0.000 256.000 0.197
199680.000 154.800 14336.000 11.114 1024.000 0.794 0.000 0.000 256.000 0.198
2586496.000 167.131 301056.000 19.453 912.000 0.059 0.000 0.000 2560.000 0.165
212480.000 161.145 28672.000 21.745 0.000 0.000 0.000 0.000 256.000 0.194
211584.000 161.677 28672.000 21.909 0.000 0.000 0.000 0.000 256.000 0.196
215040.000 163.753 28672.000 21.834 0.000 0.000 0.000 0.000 256.000 0.195
215040.000 165.211 0.000 0.000 0.000 0.000 0.000 0.000 128.000 0.098
1185792.000 158.141 157696.000 21.031 0.000 0.000 0.000 0.000 1408.000 0.188
231424.000 176.593 14336.000 10.939 0.000 0.000 0.000 0.000 0.000 0.000
0.000 0.000 28672.000 22.827 0.000 0.000 0.000 0.000 256.000 0.204
