36864.000 31.066 43008.000 36.244 2848.000 2.400 176.000 0.148 1792.000 1.510
92160.000 65.735 157696.000 112.480 0.000 0.000 0.000 0.000 5376.000 3.835
148480.000 101.269 0.000 0.000 3088.000 2.106 748.000 0.510 0.000 0.000
350848.000 212.062 50176.000 30.328 0.000 0.000 0.000 0.000 2048.000 1.238
218496.000 162.435 50176.000 37.302 0.000 0.000 0.000 0.000 2048.000 1.523
149952.000 106.610 0.000 0.000 4368.000 3.105 800.000 0.569 0.000 0.000
178560.000 135.470 25088.000 19.034 0.000 0.000 0.000 0.000 256.000 0.194
180992.000 137.812 25088.000 19.103 0.000 0.000 0.000 0.000 256.000 0.195
170624.000 130.946 25088.000 19.254 0.000 0.000 0.000 0.000 256.000 0.196
94912.000 65.748 25088.000 17.379 6864.000 4.755 800.000 0.554 256.000 0.177
187840.000 132.613 25088.000 17.712 0.000 0.000 0.000 0.000 512.000 0.361
176192.000 131.800 25088.000 18.767 0.000 0.000 0.000 0.000 512.000 0.383
174080.000 132.337 25088.000 19.072 0.000 0.000 0.000 0.000 512.000 0.389
170560.000 130.851 25088.000 19.247 0.000 0.000 0.000 0.000 512.000 0.393
169792.000 131.197 25088.000 19.385 0.000 0.000 0.000 0.000 512.000 0.396
158976.000 122.637 12544.000 9.677 0.000 0.000 0.000 0.000 512.000 0.395
187392.000 131.520 31360.000 22.010 2704.000 1.898 244.000 0.171 1152.000 0.809
241152.000 166.462 56448.000 38.965 896.000 0.618 1136.000 0.784 1920.000 1.325
179712.000 119.873 23520.000 15.688 1536.000 1.025 36.000 0.024 75648.000 50.459
64704.000 45.746 35904.000 25.384 3552.000 2.511 1096.000 0.775 99072.000 70.045
0.000 0.000 1536.000 1.083 0.000 0.000 0.000 0.000 16128.000 11.369
