1322880.000 246.427 225792.000 42.061 10384.000 1.934 296.000 0.055 4608.000 0.858
402496.000 295.944 75264.000 55.340 0.000 0.000 0.000 0.000 1536.000 1.129
2052736.000 155.546 275968.000 20.911 8992.000 0.681 1100.000 0.083 6912.000 0.524
810112.000 128.666 100352.000 15.938 4368.000 0.694 800.000 0.127 1024.000 0.163
56640.000 42.524 25088.000 18.836 0.000 0.000 0.000 0.000 256.000 0.192
0.000 0.000 0.000 0.000 0.000 0.000 0.000 0.000 0.000 0.000
0.000 0.000 0.000 0.000 0.000 0.000 0.000 0.000 0.000 0.000
713664.000 119.368 75264.000 12.589 4368.000 0.731 800.000 0.134 768.000 0.128
11328.000 8.838 25088.000 19.573 0.000 0.000 0.000 0.000 256.000 0.200
0.000 0.000 0.000 0.000 0.000 0.000 0.000 0.000 0.000 0.000
0.000 0.000 0.000 0.000 0.000 0.000 0.000 0.000 0.000 0.000
1519616.000 240.194 326144.000 51.551 10896.000 1.722 352.000 0.056 3456.000 0.546
217088.000 169.309 75264.000 58.699 0.000 0.000 0.000 0.000 640.000 0.499
0.000 0.000 0.000 0.000 0.000 0.000 0.000 0.000 0.000 0.000
0.000 0.000 0.000 0.000 0.000 0.000 0.000 0.000 0.000 0.000
0.000 0.000 112896.000 16.228 5728.000 0.823 36.000 0.005 462848.000 66.533
0.000 0.000 50176.000 36.426 0.000 0.000 0.000 0.000 225664.000 163.824
0.000 0.000 50176.000 35.293 0.000 0.000 0.000 0.000 214656.000 150.984
266240.000 41.055 188160.000 29.015 8352.000 1.288 296.000 0.046 702720.000 108.363
478464.000 344.454 50176.000 36.123 0.000 0.000 0.000 0.000 768.000 0.553
454656.000 338.598 50176.000 37.368 0.000 0.000 0.000 0.000 1024.000 0.763
457920.000 343.201 50176.000 37.606 0.000 0.000 0.000 0.000 1024.000 0.767
1146176.000 154.828 344960.000 46.598 7616.000 1.029 2360.000 0.319 106752.000 14.420
0.000 0.000 0.000 0.000 0.000 0.000 0.000 0.000 0.000 0.000
0.000 0.000 0.000 0.000 0.000 0.000 0.000 0.000 0.000 0.000
124416.000 49.050 12544.000 4.945 736.000 0.290 296.000 0.117 512.000 0.202
