294912.000 246.236 28672.000 23.940 18960.000 15.831 176.000 0.147 768.000 0.641
370176.000 260.125 86016.000 60.444 0.000 0.000 0.000 0.000 1280.000 0.899
367104.000 255.932 64200.000 44.758 0.000 0.000 0.000 0.000 1536.000 1.071
312320.000 234.277 79152.000 59.373 0.000 0.000 0.000 0.000 1024.000 0.768
422912.000 324.999 57344.000 44.068 0.000 0.000 0.000 0.000 1024.000 0.787
296960.000 222.694 67944.000 50.952 0.000 0.000 0.000 0.000 1536.000 1.152
351104.000 269.400 75408.000 57.860 0.000 0.000 0.000 0.000 1024.000 0.786
386176.000 292.292 57344.000 43.403 0.000 0.000 0.000 0.000 1024.000 0.775
294912.000 224.350 59496.000 45.261 0.000 0.000 0.000 0.000 1536.000 1.168
400000.000 292.937 83856.000 61.411 0.000 0.000 0.000 0.000 1024.000 0.750
337280.000 228.540 71680.000 48.570 0.000 0.000 0.000 0.000 1536.000 1.041
294912.000 223.361 71680.000 54.289 0.000 0.000 0.000 0.000 1024.000 0.776
0.000 0.000 0.000 0.000 0.000 0.000 0.000 0.000 0.000 0.000
0.000 0.000 0.000 0.000 0.000 0.000 0.000 0.000 0.000 0.000
0.000 0.000 0.000 0.000 0.000 0.000 0.000 0.000 0.000 0.000
0.000 0.000 0.000 0.000 0.000 0.000 0.000 0.000 0.000 0.000
0.000 0.000 0.000 0.000 0.000 0.000 0.000 0.000 0.000 0.000
0.000 0.000 3584.000 2.360 14080.000 9.271 36.000 0.024 50176.000 33.040
0.000 0.000 34048.000 25.051 6400.000 4.709 0.000 0.000 408576.000 300.616
0.000 0.000 34048.000 25.594 6912.000 5.196 0.000 0.000 401408.000 301.742
0.000 0.000 34944.000 26.113 6656.000 4.974 0.000 0.000 408832.000 305.513
0.000 0.000 34048.000 25.749 6912.000 5.227 0.000 0.000 411136.000 310.927
0.000 0.000 34944.000 26.265 6656.000 5.003 0.000 0.000 409984.000 308.152
0.000 0.000 37632.000 25.583 7424.000 5.047 0.000 0.000 447232.000 304.041
0.000 0.000 34944.000 26.044 6912.000 5.151 0.000 0.000 419456.000 312.619
0.000 0.000 34944.000 26.203 6912.000 5.183 0.000 0.000 412160.000 309.061
0.000 0.000 36736.000 26.059 7168.000 5.085 0.000 0.000 433664.000 307.620
0.000 0.000 35840.000 26.788 6912.000 5.166 0.000 0.000 412160.000 308.067
0.000 0.000 34048.000 25.572 6912.000 5.191 0.000 0.000 419328.000 314.938
0.000 0.000 34944.000 26.396 6656.000 5.028 0.000 0.000 411648.000 310.950
0.000 0.000 35840.000 25.922 7168.000 5.184 0.000 0.000 423424.000 306.248
0.000 0.000 34944.000 25.829 6912.000 5.109 0.000 0.000 419328.000 309.952
0.000 0.000 34944.000 26.252 6912.000 5.193 0.000 0.000 412160.000 309.643
0.000 0.000 35840.000 26.759 6912.000 5.161 0.000 0.000 415744.000 310.407
0.000 0.000 34048.000 25.582 6912.000 5.193 0.000 0.000 415744.000 312.373
0.000 0.000 34944.000 26.483 6656.000 5.044 0.000 0.000 411904.000 312.164
0.000 0.000 35840.000 26.270 7168.000 5.254 0.000 0.000 422144.000 309.422
0.000 0.000 34944.000 26.333 6656.000 5.016 0.000 0.000 411008.000 309.727
0.000 0.000 36736.000 25.745 5984.000 4.194 0.000 0.000 441984.000 309.745
0.000 0.000 34944.000 26.211 0.000 0.000 0.000 0.000 413184.000 309.928
0.000 0.000 25088.000 17.966 0.000 0.000 0.000 0.000 286720.000 205.328
0.000 0.000 0.000 0.000 0.000 0.000 0.000 0.000 0.000 0.000
0.000 0.000 0.000 0.000 0.000 0.000 0.000 0.000 0.000 0.000
305152.000 215.377 28672.000 20.237 5984.000 4.224 288.000 0.203 8192.000 5.782
408832.000 309.850 28672.000 21.730 0.000 0.000 0.000 0.000 8192.000 6.209
432384.000 309.184 43008.000 30.754 0.000 0.000 0.000 0.000 12288.000 8.787
305152.000 236.120 28672.000 22.186 0.000 0.000 0.000 0.000 12288.000 9.508
412800.000 297.848 43008.000 31.032 0.000 0.000 0.000 0.000 8192.000 5.911
395904.000 303.526 28672.000 21.982 0.000 0.000 0.000 0.000 12288.000 9.421
352512.000 273.193 43008.000 33.331 0.000 0.000 0.000 0.000 8192.000 6.349
327680.000 253.650 43008.000 33.292 0.000 0.000 0.000 0.000 12288.000 9.512
398080.000 308.054 28672.000 22.188 0.000 0.000 0.000 0.000 8192.000 6.339
423552.000 308.914 43008.000 31.368 0.000 0.000 0.000 0.000 12288.000 8.962
302208.000 229.566 28672.000 21.780 0.000 0.000 0.000 0.000 12288.000 9.334
0.000 0.000 14336.000 9.129 0.000 0.000 0.000 0.000 0.000 0.000
297472.000 207.674 25088.000 17.515 4368.000 3.049 296.000 0.207 512.000 0.357
426944.000 308.740 25088.000 18.142 0.000 0.000 0.000 0.000 512.000 0.370
340544.000 248.195 50176.000 36.569 0.000 0.000 0.000 0.000 1024.000 0.746
0.000 0.000 9408.000 6.102 1504.000 0.975 36.000 0.023 164480.000 106.678
74112.000 45.554 15680.000 9.638 2336.000 1.436 1476.000 0.907 236928.000 145.630
197632.000 145.069 25088.000 18.416 0.000 0.000 0.000 0.000 1024.000 0.752
123520.000 89.661 25088.000 18.211 0.000 0.000 0.000 0.000 1024.000 0.743
399360.000 294.650 62720.000 46.275 2832.000 2.089 576.000 0.425 1536.000 1.133
239616.000 171.897 37632.000 26.997 704.000 0.505 576.000 0.413 512.000 0.367
141312.000 103.338 47040.000 34.399 1680.000 1.229 36.000 0.026 81152.000 59.344
168512.000 123.251 9408.000 6.881 3520.000 2.575 1136.000 0.831 32896.000 24.060
195008.000 145.425 37632.000 28.064 0.000 0.000 0.000 0.000 768.000 0.573
179072.000 122.989 18816.000 12.923 0.000 0.000 0.000 0.000 384.000 0.264
