131520.000 112.277 25088.000 21.417 7824.000 6.679 360.000 0.307 128.000 0.109
182208.000 132.603 75264.000 54.774 0.000 0.000 0.000 0.000 384.000 0.279
219648.000 141.021 75264.000 48.322 0.000 0.000 0.000 0.000 384.000 0.247
148848.000 114.274 75264.000 57.782 0.000 0.000 0.000 0.000 384.000 0.295
187248.000 146.682 50176.000 39.306 0.000 0.000 0.000 0.000 256.000 0.201
164912.000 127.643 75264.000 58.255 0.000 0.000 0.000 0.000 384.000 0.297
32368.000 22.579 25088.000 17.500 0.000 0.000 0.000 0.000 128.000 0.089
91120.000 63.439 25088.000 17.466 7824.000 5.447 360.000 0.251 128.000 0.089
171920.000 132.007 50176.000 38.527 0.000 0.000 0.000 0.000 320.000 0.246
202752.000 149.109 75264.000 55.351 0.000 0.000 0.000 0.000 320.000 0.235
202752.000 130.230 75264.000 48.343 0.000 0.000 0.000 0.000 384.000 0.247
158048.000 124.694 75264.000 59.380 0.000 0.000 0.000 0.000 384.000 0.303
174400.000 135.663 50176.000 39.031 0.000 0.000 0.000 0.000 320.000 0.249
65760.000 47.359 50176.000 36.136 0.000 0.000 0.000 0.000 192.000 0.138
65760.000 44.099 0.000 0.000 7824.000 5.247 360.000 0.241 64.000 0.043
167136.000 129.399 75264.000 58.271 0.000 0.000 0.000 0.000 320.000 0.248
165312.000 128.287 50176.000 38.938 0.000 0.000 0.000 0.000 320.000 0.248
202752.000 131.295 87808.000 56.861 0.000 0.000 0.000 0.000 448.000 0.290
202752.000 157.515 62720.000 48.726 0.000 0.000 0.000 0.000 256.000 0.199
132432.000 103.395 68160.000 53.215 0.000 0.000 0.000 0.000 384.000 0.300
130608.000 99.724 57272.000 43.729 0.000 0.000 0.000 0.000 256.000 0.195
9344.000 6.078 0.000 0.000 3728.000 2.425 240.000 0.156 0.000 0.000
318848.000 229.260 43008.000 30.924 0.000 0.000 0.000 0.000 1536.000 1.104
248832.000 184.733 57344.000 42.572 0.000 0.000 0.000 0.000 2048.000 1.520
117632.000 78.200 50176.000 33.356 2528.000 1.681 256.000 0.170 1024.000 0.681
115200.000 86.675 100352.000 75.504 1424.000 1.071 128.000 0.096 2048.000 1.541
141312.000 103.257 94080.000 68.744 3088.000 2.256 128.000 0.094 4160.000 3.040
144384.000 105.384 31360.000 22.889 1280.000 0.934 1808.000 1.320 960.000 0.701
336896.000 250.477 0.000 0.000 0.000 0.000 0.000 0.000 320.000 0.238
91040.000 67.579 50960.000 37.828 688.000 0.511 64.000 0.048 1920.000 1.425
104608.000 76.881 19600.000 14.405 5904.000 4.339 2172.000 1.596 78400.000 57.620
264272.000 184.607 0.000 0.000 0.000 0.000 0.000 0.000 0.000 0.000
273344.000 199.724 0.000 0.000 0.000 0.000 0.000 0.000 0.000 0.000
272592.000 202.719 0.000 0.000 0.000 0.000 0.000 0.000 0.000 0.000
253904.000 188.828 0.000 0.000 0.000 0.000 0.000 0.000 0.000 0.000
290880.000 216.383 0.000 0.000 0.000 0.000 0.000 0.000 0.000 0.000
185152.000 127.874 19600.000 13.537 1408.000 0.972 2136.000 1.475 1600.000 1.105
281920.000 208.116 0.000 0.000 0.000 0.000 0.000 0.000 0.000 0.000
266576.000 197.153 0.000 0.000 0.000 0.000 0.000 0.000 0.000 0.000
283984.000 193.826 0.000 0.000 0.000 0.000 0.000 0.000 0.000 0.000
266816.000 196.541 0.000 0.000 0.000 0.000 0.000 0.000 0.000 0.000
194112.000 142.217 19600.000 14.360 1408.000 1.032 2136.000 1.565 1600.000 1.172
272960.000 200.916 0.000 0.000 0.000 0.000 0.000 0.000 0.000 0.000
274640.000 203.380 0.000 0.000 0.000 0.000 0.000 0.000 0.000 0.000
253648.000 188.944 0.000 0.000 0.000 0.000 0.000 0.000 0.000 0.000
289088.000 214.160 0.000 0.000 0.000 0.000 0.000 0.000 0.000 0.000
286800.000 200.295 0.000 0.000 0.000 0.000 0.000 0.000 0.000 0.000
180272.000 127.682 19600.000 13.882 1408.000 0.997 2136.000 1.513 1600.000 1.133
288720.000 212.533 0.000 0.000 0.000 0.000 0.000 0.000 0.000 0.000
251216.000 187.780 0.000 0.000 0.000 0.000 0.000 0.000 0.000 0.000
277312.000 203.770 0.000 0.000 0.000 0.000 0.000 0.000 0.000 0.000
275024.000 203.590 0.000 0.000 0.000 0.000 0.000 0.000 0.000 0.000
250432.000 186.222 0.000 0.000 0.000 0.000 0.000 0.000 1600.000 1.190
179600.000 126.284 39200.000 27.563 272.000 0.191 740.000 0.520 3200.000 2.250
246432.000 177.602 19600.000 14.126 544.000 0.392 1480.000 1.067 3200.000 2.306
250128.000 181.505 19600.000 14.223 224.000 0.163 736.000 0.534 3200.000 2.322
42240.000 31.087 19600.000 14.425 0.000 0.000 0.000 0.000 1600.000 1.178
