213120.000 176.064 0.000 0.000 20992.000 17.342 240.000 0.198 0.000 0.000
214144.000 150.400 28672.000 20.137 1024.000 0.719 0.000 0.000 256.000 0.180
193792.000 148.803 28672.000 22.016 768.000 0.590 0.000 0.000 256.000 0.197
188928.000 147.489 28672.000 22.383 1024.000 0.799 0.000 0.000 256.000 0.200
197888.000 148.287 28672.000 21.485 768.000 0.576 0.000 0.000 256.000 0.192
209664.000 159.709 28672.000 21.841 1024.000 0.780 0.000 0.000 256.000 0.195
199680.000 155.520 13928.000 10.848 768.000 0.598 0.000 0.000 256.000 0.199
245760.000 180.291 14736.000 10.810 1280.000 0.939 0.000 0.000 0.000 0.000
215040.000 168.414 28672.000 22.455 768.000 0.601 0.000 0.000 256.000 0.200
200832.000 149.975 28672.000 21.411 768.000 0.574 0.000 0.000 256.000 0.191
204160.000 157.813 28672.000 22.163 1024.000 0.792 0.000 0.000 256.000 0.198
202240.000 158.188 28672.000 22.427 768.000 0.601 0.000 0.000 256.000 0.200
193792.000 152.338 28672.000 22.539 1024.000 0.805 0.000 0.000 256.000 0.201
790272.000 162.674 86016.000 17.706 3328.000 0.685 0.000 0.000 768.000 0.158
205824.000 155.038 28672.000 21.597 768.000 0.579 0.000 0.000 256.000 0.193
199680.000 154.044 14336.000 11.060 1024.000 0.790 0.000 0.000 256.000 0.197
245760.000 188.591 14336.000 11.001 1024.000 0.786 0.000 0.000 0.000 0.000
216064.000 158.496 28672.000 21.033 1024.000 0.751 0.000 0.000 256.000 0.188
208640.000 160.787 28672.000 22.096 512.000 0.395 0.000 0.000 256.000 0.197
198912.000 155.852 28672.000 22.465 1024.000 0.802 0.000 0.000 256.000 0.201
334208.000 165.649 28672.000 14.211 1536.000 0.761 0.000 0.000 256.000 0.127
270976.000 160.577 28672.000 16.991 1024.000 0.607 0.000 0.000 256.000 0.152
212736.000 164.309 28672.000 22.145 1024.000 0.791 0.000 0.000 256.000 0.198
201600.000 156.216 28672.000 22.217 768.000 0.595 0.000 0.000 256.000 0.198
197632.000 154.069 28672.000 22.352 768.000 0.599 0.000 0.000 256.000 0.200
201984.000 155.623 28672.000 22.091 1024.000 0.789 0.000 0.000 256.000 0.197
239104.000 159.393 28672.000 19.114 1024.000 0.683 0.000 0.000 256.000 0.171
206336.000 157.549 28672.000 21.893 768.000 0.586 0.000 0.000 256.000 0.195
215040.000 167.404 0.000 0.000 1024.000 0.797 0.000 0.000 128.000 0.100
227712.000 176.531 28672.000 22.228 1024.000 0.794 0.000 0.000 128.000 0.099
202368.000 157.463 28672.000 22.310 768.000 0.598 0.000 0.000 256.000 0.199
199680.000 156.476 28672.000 22.468 768.000 0.602 0.000 0.000 256.000 0.201
199680.000 157.279 28672.000 22.584 1024.000 0.807 0.000 0.000 256.000 0.202
199296.000 153.857 28672.000 22.135 768.000 0.593 0.000 0.000 256.000 0.198
1187840.000 159.271 143360.000 19.222 5280.000 0.708 0.000 0.000 1280.000 0.172
241024.000 183.747 0.000 0.000 0.000 0.000 0.000 0.000 0.000 0.000
230400.000 169.340 28672.000 21.073 0.000 0.000 0.000 0.000 256.000 0.188
218752.000 158.506 28672.000 20.775 0.000 0.000 0.000 0.000 256.000 0.185
200576.000 154.940 28672.000 22.148 0.000 0.000 0.000 0.000 256.000 0.198
208128.000 160.790 28672.000 22.151 0.000 0.000 0.000 0.000 256.000 0.198
199936.000 156.063 28672.000 22.380 0.000 0.000 0.000 0.000 256.000 0.200
199424.000 156.421 28672.000 22.489 0.000 0.000 0.000 0.000 256.000 0.201
217344.000 170.547 0.000 0.000 0.000 0.000 0.000 0.000 128.000 0.100
215680.000 168.422 28672.000 22.390 0.000 0.000 0.000 0.000 128.000 0.100
200576.000 156.769 28672.000 22.410 0.000 0.000 0.000 0.000 256.000 0.200
2461952.000 158.788 286720.000 18.493 0.000 0.000 0.000 0.000 2560.000 0.165
13568.000 9.168 28672.000 19.373 0.000 0.000 0.000 0.000 256.000 0.173
0.000 0.000 0.000 0.000 0.000 0.000 0.000 0.000 0.000 0.000
0.000 0.000 0.000 0.000 0.000 0.000 0.000 0.000 0.000 0.000
458624.000 59.677 28672.000 3.731 22272.000 2.898 240.000 0.031 256.000 0.033
191360.000 145.535 28672.000 21.806 768.000 0.584 0.000 0.000 256.000 0.195
202496.000 148.827 28672.000 21.073 768.000 0.564 0.000 0.000 256.000 0.188
196096.000 150.190 28672.000 21.960 1024.000 0.784 0.000 0.000 256.000 0.196
203776.000 157.424 28672.000 22.150 768.000 0.593 0.000 0.000 256.000 0.198
199552.000 155.828 28672.000 22.390 1024.000 0.800 0.000 0.000 256.000 0.200
211072.000 165.483 0.000 0.000 1024.000 0.803 0.000 0.000 128.000 0.100
230400.000 181.751 28672.000 22.618 768.000 0.606 0.000 0.000 128.000 0.101
199680.000 155.956 28672.000 22.394 768.000 0.600 0.000 0.000 256.000 0.200
199680.000 153.719 28672.000 22.073 1024.000 0.788 0.000 0.000 256.000 0.197
2534400.000 162.712 286720.000 18.408 11008.000 0.707 0.000 0.000 2560.000 0.164
208256.000 156.355 28672.000 21.526 512.000 0.384 0.000 0.000 256.000 0.192
206464.000 159.028 28672.000 22.084 1024.000 0.789 0.000 0.000 256.000 0.197
199680.000 155.323 28672.000 22.303 1024.000 0.797 0.000 0.000 256.000 0.199
1182720.000 160.130 143360.000 19.410 5120.000 0.693 0.000 0.000 1280.000 0.173
208640.000 153.881 28672.000 21.147 768.000 0.566 0.000 0.000 256.000 0.189
236800.000 178.307 0.000 0.000 1024.000 0.771 0.000 0.000 128.000 0.096
232064.000 172.059 28672.000 21.258 1024.000 0.759 0.000 0.000 128.000 0.095
209152.000 160.464 28672.000 21.998 768.000 0.589 0.000 0.000 256.000 0.196
203904.000 157.933 28672.000 22.208 768.000 0.595 0.000 0.000 256.000 0.198
199680.000 153.566 28672.000 22.050 1024.000 0.788 0.000 0.000 256.000 0.197
199680.000 153.484 28672.000 22.039 1024.000 0.787 0.000 0.000 256.000 0.197
204800.000 158.429 28672.000 22.180 768.000 0.594 0.000 0.000 256.000 0.198
225280.000 175.299 0.000 0.000 1024.000 0.797 0.000 0.000 0.000 0.000
245760.000 175.015 28672.000 20.418 1024.000 0.729 0.000 0.000 256.000 0.182
2457600.000 158.667 301056.000 19.437 1168.000 0.075 0.000 0.000 2816.000 0.182
245760.000 187.140 14336.000 10.917 0.000 0.000 0.000 0.000 0.000 0.000
215040.000 166.609 28672.000 22.214 0.000 0.000 0.000 0.000 256.000 0.198
199680.000 154.138 28672.000 22.133 0.000 0.000 0.000 0.000 256.000 0.198
1165312.000 157.800 143360.000 19.413 0.000 0.000 0.000 0.000 1280.000 0.173
206336.000 150.782 28672.000 20.952 0.000 0.000 0.000 0.000 256.000 0.187
194560.000 150.215 28672.000 22.137 0.000 0.000 0.000 0.000 256.000 0.198
173568.000 130.324 28672.000 21.528 0.000 0.000 0.000 0.000 256.000 0.192
0.000 0.000 0.000 0.000 0.000 0.000 0.000 0.000 0.000 0.000
0.000 0.000 0.000 0.000 0.000 0.000 0.000 0.000 0.000 0.000
0.000 0.000 0.000 0.000 0.000 0.000 0.000 0.000 0.000 0.000
0.000 0.000 0.000 0.000 0.000 0.000 0.000 0.000 0.000 0.000
0.000 0.000 0.000 0.000 0.000 0.000 0.000 0.000 0.000 0.000
0.000 0.000 0.000 0.000 0.000 0.000 0.000 0.000 0.000 0.000
0.000 0.000 0.000 0.000 0.000 0.000 0.000 0.000 0.000 0.000
670464.000 60.372 57344.000 5.164 23296.000 2.098 240.000 0.022 512.000 0.046
238208.000 154.441 28672.000 18.589 1024.000 0.664 0.000 0.000 256.000 0.166
201344.000 150.895 28672.000 21.488 512.000 0.384 0.000 0.000 256.000 0.192
208768.000 160.160 28672.000 21.996 1024.000 0.786 0.000 0.000 256.000 0.196
204032.000 157.825 28672.000 22.179 1024.000 0.792 0.000 0.000 256.000 0.198
201600.000 157.461 28672.000 22.394 768.000 0.600 0.000 0.000 256.000 0.200
184320.000 143.619 17664.000 13.763 1024.000 0.798 0.000 0.000 256.000 0.199
245760.000 187.499 11008.000 8.398 1024.000 0.781 0.000 0.000 0.000 0.000
1907968.000 161.740 229376.000 19.444 7936.000 0.673 0.000 0.000 2048.000 0.174
211712.000 161.137 28672.000 21.823 1024.000 0.779 0.000 0.000 256.000 0.195
199680.000 154.911 28672.000 22.244 768.000 0.596 0.000 0.000 256.000 0.199
199680.000 156.817 28672.000 22.517 1024.000 0.804 0.000 0.000 256.000 0.201
184320.000 144.666 18432.000 14.467 768.000 0.603 0.000 0.000 256.000 0.201
245760.000 188.820 10240.000 7.867 1024.000 0.787 0.000 0.000 0.000 0.000
215040.000 168.341 28672.000 22.445 1024.000 0.802 0.000 0.000 256.000 0.200
194944.000 154.086 28672.000 22.663 512.000 0.405 0.000 0.000 256.000 0.202
1801856.000 160.736 200704.000 17.904 7936.000 0.708 0.000 0.000 1920.000 0.171
228992.000 176.301 28672.000 22.075 1024.000 0.788 0.000 0.000 128.000 0.099
216448.000 154.231 28672.000 20.430 1024.000 0.730 0.000 0.000 256.000 0.182
199680.000 154.856 28672.000 22.236 768.000 0.596 0.000 0.000 256.000 0.199
207232.000 160.363 28672.000 22.187 768.000 0.594 0.000 0.000 256.000 0.198
201728.000 156.917 28672.000 22.303 1024.000 0.797 0.000 0.000 256.000 0.199
200064.000 156.746 28672.000 22.464 768.000 0.602 0.000 0.000 256.000 0.201
1925376.000 164.064 200704.000 17.102 2192.000 0.187 0.000 0.000 1792.000 0.153
205056.000 156.733 28672.000 21.915 0.000 0.000 0.000 0.000 256.000 0.196
200832.000 156.070 28672.000 22.281 0.000 0.000 0.000 0.000 256.000 0.199
202112.000 157.118 28672.000 22.289 0.000 0.000 0.000 0.000 256.000 0.199
203008.000 158.693 28672.000 22.413 0.000 0.000 0.000 0.000 256.000 0.200
187392.000 148.394 14336.000 11.353 0.000 0.000 0.000 0.000 256.000 0.203
245760.000 193.416 14336.000 11.283 0.000 0.000 0.000 0.000 0.000 0.000
199680.000 155.804 28672.000 22.372 0.000 0.000 0.000 0.000 256.000 0.200
1709056.000 152.436 229376.000 20.459 0.000 0.000 0.000 0.000 2048.000 0.183
0.000 0.000 0.000 0.000 0.000 0.000 0.000 0.000 0.000 0.000
0.000 0.000 0.000 0.000 0.000 0.000 0.000 0.000 0.000 0.000
0.000 0.000 0.000 0.000 0.000 0.000 0.000 0.000 0.000 0.000
0.000 0.000 0.000 0.000 0.000 0.000 0.000 0.000 0.000 0.000
0.000 0.000 0.000 0.000 0.000 0.000 0.000 0.000 0.000 0.000
0.000 0.000 81784.000 7.234 22784.000 2.015 16.000 0.001 1318912.000 116.656
0.000 0.000 29312.000 18.363 3072.000 1.925 0.000 0.000 464640.000 291.086
0.000 0.000 25984.000 18.396 2816.000 1.994 0.000 0.000 420096.000 297.417
0.000 0.000 26880.000 18.934 2816.000 1.984 0.000 0.000 420352.000 296.098
0.000 0.000 25984.000 18.366 2816.000 1.990 0.000 0.000 422912.000 298.922
0.000 0.000 26880.000 18.879 3072.000 2.158 0.000 0.000 423424.000 297.396
0.000 0.000 25984.000 18.405 2560.000 1.813 0.000 0.000 422400.000 299.190
442368.000 36.620 301952.000 24.996 23936.000 1.981 176.000 0.015 2535424.000 209.888
221184.000 162.733 87160.000 64.127 0.000 0.000 0.000 0.000 3328.000 2.449
221184.000 170.772 99200.000 76.590 0.000 0.000 0.000 0.000 3328.000 2.569
221184.000 172.337 86016.000 67.020 0.000 0.000 0.000 0.000 3072.000 2.394
1022208.000 108.871 387072.000 41.225 19200.000 2.045 436.000 0.046 13312.000 1.418
251264.000 171.287 0.000 0.000 768.000 0.524 0.000 0.000 0.000 0.000
178048.000 132.997 28672.000 21.417 768.000 0.574 0.000 0.000 1024.000 0.765
228224.000 170.104 0.000 0.000 1024.000 0.763 0.000 0.000 0.000 0.000
178304.000 134.506 28672.000 21.629 768.000 0.579 0.000 0.000 1024.000 0.772
928768.000 162.547 57344.000 10.036 3840.000 0.672 0.000 0.000 2048.000 0.358
244736.000 181.822 0.000 0.000 1024.000 0.761 0.000 0.000 0.000 0.000
204288.000 154.113 0.000 0.000 768.000 0.579 0.000 0.000 512.000 0.386
221568.000 167.521 28672.000 21.678 1024.000 0.774 0.000 0.000 512.000 0.387
1179264.000 160.250 71680.000 9.741 4608.000 0.626 0.000 0.000 3072.000 0.417
248064.000 183.596 14336.000 10.610 1024.000 0.758 0.000 0.000 0.000 0.000
218880.000 163.896 0.000 0.000 768.000 0.575 0.000 0.000 256.000 0.192
933888.000 159.776 66168.000 11.320 3840.000 0.657 0.000 0.000 2560.000 0.438
233472.000 173.196 19840.000 14.718 1024.000 0.760 0.000 0.000 256.000 0.190
233472.000 174.376 0.000 0.000 768.000 0.574 0.000 0.000 0.000 0.000
200576.000 150.940 28672.000 21.577 1024.000 0.771 0.000 0.000 1024.000 0.771
1200256.000 163.280 57344.000 7.801 4864.000 0.662 0.000 0.000 2560.000 0.348
218880.000 162.239 28672.000 21.252 1024.000 0.759 0.000 0.000 512.000 0.380
243456.000 181.887 0.000 0.000 768.000 0.574 0.000 0.000 0.000 0.000
928384.000 162.679 57344.000 10.048 3584.000 0.628 0.000 0.000 2048.000 0.359
197248.000 145.625 28672.000 21.168 528.000 0.390 0.000 0.000 1024.000 0.756
236032.000 176.465 0.000 0.000 0.000 0.000 0.000 0.000 0.000 0.000
189696.000 143.295 28672.000 21.659 0.000 0.000 0.000 0.000 1024.000 0.774
1235200.000 167.706 57344.000 7.786 0.000 0.000 0.000 0.000 2048.000 0.278
194816.000 144.398 28672.000 21.252 0.000 0.000 0.000 0.000 1024.000 0.759
235776.000 176.753 0.000 0.000 0.000 0.000 0.000 0.000 0.000 0.000
931584.000 163.520 57344.000 10.066 0.000 0.000 0.000 0.000 2048.000 0.359
189696.000 141.818 28672.000 21.435 0.000 0.000 0.000 0.000 1024.000 0.766
243968.000 183.799 0.000 0.000 0.000 0.000 0.000 0.000 0.000 0.000
179968.000 136.353 28672.000 21.723 0.000 0.000 0.000 0.000 1024.000 0.776
897792.000 94.947 57344.000 6.064 19456.000 2.058 436.000 0.046 2048.000 0.217
245760.000 173.734 0.000 0.000 768.000 0.543 0.000 0.000 0.000 0.000
192512.000 134.099 28672.000 19.972 1024.000 0.713 0.000 0.000 1024.000 0.713
229888.000 170.876 0.000 0.000 768.000 0.571 0.000 0.000 0.000 0.000
182784.000 138.115 28672.000 21.665 1024.000 0.774 0.000 0.000 1024.000 0.774
237056.000 177.048 0.000 0.000 768.000 0.574 0.000 0.000 0.000 0.000
189696.000 142.102 28672.000 21.478 768.000 0.575 0.000 0.000 1024.000 0.767
274944.000 183.935 0.000 0.000 1024.000 0.685 0.000 0.000 0.000 0.000
187520.000 140.825 28672.000 21.532 768.000 0.577 0.000 0.000 1024.000 0.769
263168.000 180.488 0.000 0.000 1280.000 0.878 0.000 0.000 0.000 0.000
192128.000 144.527 28672.000 21.568 512.000 0.385 0.000 0.000 1024.000 0.770
235008.000 176.900 0.000 0.000 1024.000 0.771 0.000 0.000 0.000 0.000
204288.000 153.606 0.000 0.000 768.000 0.577 0.000 0.000 512.000 0.385
228480.000 172.183 28672.000 21.607 1024.000 0.772 0.000 0.000 512.000 0.386
238464.000 177.836 0.000 0.000 768.000 0.573 0.000 0.000 0.000 0.000
189696.000 142.752 28672.000 21.577 1024.000 0.771 0.000 0.000 1024.000 0.771
262656.000 183.852 0.000 0.000 1024.000 0.717 0.000 0.000 0.000 0.000
189696.000 141.413 28672.000 21.374 768.000 0.573 0.000 0.000 1024.000 0.763
240512.000 179.579 0.000 0.000 1024.000 0.765 0.000 0.000 0.000 0.000
190848.000 144.438 28672.000 21.700 768.000 0.581 0.000 0.000 1024.000 0.775
239872.000 178.466 0.000 0.000 768.000 0.571 0.000 0.000 0.000 0.000
189696.000 142.611 28672.000 21.555 1024.000 0.770 0.000 0.000 1024.000 0.770
248064.000 184.118 0.000 0.000 768.000 0.570 0.000 0.000 0.000 0.000
189696.000 142.529 28672.000 21.543 1024.000 0.769 0.000 0.000 1024.000 0.769
251392.000 177.225 0.000 0.000 768.000 0.541 0.000 0.000 0.000 0.000
200960.000 145.811 28672.000 20.804 768.000 0.557 0.000 0.000 1024.000 0.743
240640.000 179.531 0.000 0.000 1280.000 0.955 0.000 0.000 0.000 0.000
193024.000 144.952 28672.000 21.531 512.000 0.384 0.000 0.000 1024.000 0.769
237568.000 177.447 0.000 0.000 1024.000 0.765 0.000 0.000 0.000 0.000
204288.000 153.402 0.000 0.000 768.000 0.577 0.000 0.000 512.000 0.384
230400.000 173.215 28672.000 21.556 1024.000 0.770 0.000 0.000 512.000 0.385
236544.000 166.992 0.000 0.000 768.000 0.542 0.000 0.000 0.000 0.000
204288.000 154.155 28672.000 21.636 1024.000 0.773 0.000 0.000 1024.000 0.773
243968.000 182.219 0.000 0.000 1024.000 0.765 0.000 0.000 0.000 0.000
190080.000 143.631 28672.000 21.666 768.000 0.580 0.000 0.000 1024.000 0.774
268928.000 177.426 0.000 0.000 1024.000 0.676 0.000 0.000 0.000 0.000
194304.000 145.294 28672.000 21.440 1024.000 0.766 0.000 0.000 1024.000 0.766
240896.000 179.270 0.000 0.000 768.000 0.572 0.000 0.000 0.000 0.000
203264.000 147.468 28672.000 20.802 528.000 0.383 0.000 0.000 1024.000 0.743
241408.000 177.366 0.000 0.000 0.000 0.000 0.000 0.000 0.000 0.000
197376.000 143.200 28672.000 20.802 0.000 0.000 0.000 0.000 1024.000 0.743
246528.000 183.976 0.000 0.000 0.000 0.000 0.000 0.000 0.000 0.000
191232.000 143.512 28672.000 21.517 0.000 0.000 0.000 0.000 1024.000 0.768
236800.000 176.595 0.000 0.000 0.000 0.000 0.000 0.000 0.000 0.000
188416.000 142.139 28672.000 21.630 0.000 0.000 0.000 0.000 1024.000 0.772
246016.000 184.540 0.000 0.000 0.000 0.000 0.000 0.000 0.000 0.000
204288.000 144.045 28672.000 20.217 0.000 0.000 0.000 0.000 1024.000 0.722
239744.000 178.074 0.000 0.000 0.000 0.000 0.000 0.000 0.000 0.000
198016.000 148.183 14336.000 10.728 0.000 0.000 0.000 0.000 1024.000 0.766
233472.000 174.968 14336.000 10.744 0.000 0.000 0.000 0.000 0.000 0.000
233472.000 175.565 0.000 0.000 0.000 0.000 0.000 0.000 0.000 0.000
198656.000 150.153 28672.000 21.672 0.000 0.000 0.000 0.000 1024.000 0.774
239104.000 178.771 0.000 0.000 0.000 0.000 0.000 0.000 0.000 0.000
204288.000 146.384 28672.000 20.545 0.000 0.000 0.000 0.000 1024.000 0.734
242176.000 179.720 0.000 0.000 0.000 0.000 0.000 0.000 0.000 0.000
186624.000 135.654 28672.000 20.841 0.000 0.000 0.000 0.000 1024.000 0.744
739584.000 88.684 57344.000 6.876 0.000 0.000 0.000 0.000 2048.000 0.246
0.000 0.000 0.000 0.000 0.000 0.000 0.000 0.000 0.000 0.000
150656.000 109.377 0.000 0.000 19456.000 14.125 436.000 0.317 0.000 0.000
228864.000 170.459 0.000 0.000 768.000 0.572 0.000 0.000 0.000 0.000
172160.000 131.143 28672.000 21.841 1024.000 0.780 0.000 0.000 1024.000 0.780
228992.000 172.329 0.000 0.000 768.000 0.578 0.000 0.000 0.000 0.000
180864.000 137.838 28672.000 21.851 1024.000 0.780 0.000 0.000 1024.000 0.780
260608.000 179.995 0.000 0.000 768.000 0.530 0.000 0.000 0.000 0.000
184576.000 139.666 28672.000 21.696 768.000 0.581 0.000 0.000 1024.000 0.775
243200.000 183.465 0.000 0.000 1024.000 0.772 0.000 0.000 0.000 0.000
186752.000 141.943 28672.000 21.793 768.000 0.584 0.000 0.000 1024.000 0.778
283008.000 177.586 0.000 0.000 1280.000 0.803 0.000 0.000 0.000 0.000
187008.000 140.945 28672.000 21.610 512.000 0.386 0.000 0.000 1024.000 0.772
246272.000 184.781 0.000 0.000 1280.000 0.960 0.000 0.000 0.000 0.000
213632.000 144.998 28672.000 19.461 768.000 0.521 0.000 0.000 1024.000 0.695
240384.000 180.937 0.000 0.000 1024.000 0.771 0.000 0.000 0.000 0.000
204288.000 149.109 12136.000 8.858 768.000 0.561 0.000 0.000 768.000 0.561
233472.000 177.200 16528.000 12.544 1024.000 0.777 0.000 0.000 256.000 0.194
233472.000 175.850 0.000 0.000 768.000 0.578 0.000 0.000 0.000 0.000
189696.000 144.170 28672.000 21.791 1024.000 0.778 0.000 0.000 1024.000 0.778
242432.000 181.756 0.000 0.000 768.000 0.576 0.000 0.000 0.000 0.000
224768.000 145.071 28672.000 18.506 1024.000 0.661 0.000 0.000 1024.000 0.661
247808.000 181.035 0.000 0.000 768.000 0.561 0.000 0.000 0.000 0.000
189696.000 143.524 28672.000 21.693 1024.000 0.775 0.000 0.000 1024.000 0.775
246912.000 184.226 0.000 0.000 768.000 0.573 0.000 0.000 0.000 0.000
187520.000 141.626 28672.000 21.655 1024.000 0.773 0.000 0.000 1024.000 0.773
236672.000 177.494 0.000 0.000 768.000 0.576 0.000 0.000 0.000 0.000
189696.000 143.729 28672.000 21.724 1024.000 0.776 0.000 0.000 1024.000 0.776
242560.000 181.142 0.000 0.000 768.000 0.574 0.000 0.000 0.000 0.000
218880.000 147.843 28672.000 19.367 1024.000 0.692 0.000 0.000 1024.000 0.692
238976.000 178.529 0.000 0.000 768.000 0.574 0.000 0.000 0.000 0.000
189696.000 143.626 28672.000 21.709 768.000 0.581 0.000 0.000 1024.000 0.775
263552.000 177.630 0.000 0.000 1024.000 0.690 0.000 0.000 0.000 0.000
188800.000 142.007 28672.000 21.566 768.000 0.578 0.000 0.000 1024.000 0.770
245632.000 184.222 0.000 0.000 1024.000 0.768 0.000 0.000 0.000 0.000
192128.000 144.940 14336.000 10.815 768.000 0.579 0.000 0.000 1024.000 0.772
260352.000 179.288 14336.000 9.872 1280.000 0.881 0.000 0.000 0.000 0.000
206592.000 153.511 0.000 0.000 512.000 0.380 0.000 0.000 512.000 0.380
223360.000 167.322 28672.000 21.479 1024.000 0.767 0.000 0.000 512.000 0.384
243584.000 183.065 0.000 0.000 1024.000 0.770 0.000 0.000 0.000 0.000
189696.000 142.099 28672.000 21.478 272.000 0.204 0.000 0.000 1024.000 0.767
239872.000 179.560 0.000 0.000 0.000 0.000 0.000 0.000 0.000 0.000
185472.000 140.605 28672.000 21.736 0.000 0.000 0.000 0.000 1024.000 0.776
260480.000 183.293 0.000 0.000 0.000 0.000 0.000 0.000 0.000 0.000
190976.000 140.590 28672.000 21.107 0.000 0.000 0.000 0.000 1024.000 0.754
246784.000 184.317 0.000 0.000 0.000 0.000 0.000 0.000 0.000 0.000
188288.000 143.041 28672.000 21.782 0.000 0.000 0.000 0.000 1024.000 0.778
278656.000 176.489 0.000 0.000 0.000 0.000 0.000 0.000 0.000 0.000
195584.000 145.864 28672.000 21.383 0.000 0.000 0.000 0.000 1024.000 0.764
242176.000 180.848 0.000 0.000 0.000 0.000 0.000 0.000 0.000 0.000
189696.000 143.311 28672.000 21.661 0.000 0.000 0.000 0.000 1024.000 0.774
252416.000 178.145 0.000 0.000 0.000 0.000 0.000 0.000 0.000 0.000
188032.000 141.931 28672.000 21.642 0.000 0.000 0.000 0.000 1024.000 0.773
245376.000 183.733 0.000 0.000 0.000 0.000 0.000 0.000 0.000 0.000
176896.000 133.622 25088.000 18.951 0.000 0.000 0.000 0.000 1024.000 0.774
246272.000 185.160 3584.000 2.695 0.000 0.000 0.000 0.000 0.000 0.000
218880.000 164.319 0.000 0.000 0.000 0.000 0.000 0.000 512.000 0.384
201856.000 152.655 28672.000 21.683 0.000 0.000 0.000 0.000 512.000 0.387
236416.000 163.735 0.000 0.000 0.000 0.000 0.000 0.000 0.000 0.000
186624.000 140.850 28672.000 21.640 0.000 0.000 0.000 0.000 1024.000 0.773
224256.000 168.330 0.000 0.000 0.000 0.000 0.000 0.000 0.000 0.000
27392.000 21.469 28672.000 22.472 0.000 0.000 0.000 0.000 1024.000 0.803
0.000 0.000 0.000 0.000 0.000 0.000 0.000 0.000 0.000 0.000
0.000 0.000 0.000 0.000 0.000 0.000 0.000 0.000 0.000 0.000
0.000 0.000 0.000 0.000 0.000 0.000 0.000 0.000 0.000 0.000
0.000 0.000 0.000 0.000 0.000 0.000 0.000 0.000 0.000 0.000
1127040.000 146.094 200704.000 26.016 10448.000 1.354 176.000 0.023 7168.000 0.929
332928.000 243.143 57344.000 41.879 0.000 0.000 0.000 0.000 2048.000 1.496
309504.000 230.055 57344.000 42.624 0.000 0.000 0.000 0.000 2304.000 1.713
294912.000 208.290 71680.000 50.626 0.000 0.000 0.000 0.000 2816.000 1.989
0.000 0.000 14336.000 11.235 0.000 0.000 0.000 0.000 0.000 0.000
0.000 0.000 0.000 0.000 0.000 0.000 0.000 0.000 0.000 0.000
0.000 0.000 0.000 0.000 0.000 0.000 0.000 0.000 0.000 0.000
0.000 0.000 0.000 0.000 0.000 0.000 0.000 0.000 0.000 0.000
0.000 0.000 0.000 0.000 0.000 0.000 0.000 0.000 0.000 0.000
0.000 0.000 0.000 0.000 0.000 0.000 0.000 0.000 0.000 0.000
0.000 0.000 0.000 0.000 0.000 0.000 0.000 0.000 0.000 0.000
793344.000 111.887 86016.000 12.131 15376.000 2.169 464.000 0.065 1536.000 0.217
182016.000 137.333 28672.000 21.633 0.000 0.000 0.000 0.000 512.000 0.386
176384.000 135.779 28672.000 22.072 0.000 0.000 0.000 0.000 512.000 0.394
841216.000 141.784 114688.000 19.330 0.000 0.000 0.000 0.000 2048.000 0.345
189952.000 140.526 28672.000 21.211 0.000 0.000 0.000 0.000 512.000 0.379
176384.000 135.838 14336.000 11.041 0.000 0.000 0.000 0.000 512.000 0.394
217088.000 169.734 14336.000 11.209 0.000 0.000 0.000 0.000 0.000 0.000
760320.000 105.133 114688.000 15.858 15376.000 2.126 464.000 0.064 2048.000 0.283
176384.000 131.636 28672.000 21.398 0.000 0.000 0.000 0.000 512.000 0.382
182528.000 140.494 28672.000 22.069 0.000 0.000 0.000 0.000 512.000 0.394
858624.000 141.578 114688.000 18.911 0.000 0.000 0.000 0.000 2048.000 0.338
182656.000 139.350 28672.000 21.874 0.000 0.000 0.000 0.000 512.000 0.391
170112.000 131.457 14336.000 11.078 0.000 0.000 0.000 0.000 512.000 0.396
217088.000 168.485 14336.000 11.126 0.000 0.000 0.000 0.000 0.000 0.000
839680.000 118.734 143360.000 20.272 0.000 0.000 0.000 0.000 2560.000 0.362
0.000 0.000 0.000 0.000 0.000 0.000 0.000 0.000 0.000 0.000
0.000 0.000 0.000 0.000 0.000 0.000 0.000 0.000 0.000 0.000
1216640.000 203.758 50176.000 8.403 8592.000 1.439 408.000 0.068 1024.000 0.171
467456.000 327.304 12544.000 8.783 0.000 0.000 0.000 0.000 256.000 0.179
440320.000 325.310 25088.000 18.535 0.000 0.000 0.000 0.000 512.000 0.378
157056.000 116.738 12544.000 9.324 0.000 0.000 0.000 0.000 256.000 0.190
913920.000 149.684 75264.000 12.327 4112.000 0.673 1600.000 0.262 3072.000 0.503
0.000 0.000 0.000 0.000 0.000 0.000 0.000 0.000 0.000 0.000
0.000 0.000 0.000 0.000 0.000 0.000 0.000 0.000 0.000 0.000
0.000 0.000 0.000 0.000 0.000 0.000 0.000 0.000 0.000 0.000
624640.000 106.159 89344.000 15.184 18592.000 3.160 1040.000 0.177 278848.000 47.391
0.000 0.000 2304.000 1.668 0.000 0.000 0.000 0.000 26304.000 19.047
