165760.000 137.562 25088.000 20.820 4000.000 3.320 360.000 0.299 256.000 0.212
203392.000 147.469 50176.000 36.380 0.000 0.000 0.000 0.000 512.000 0.371
181376.000 142.656 50176.000 39.465 0.000 0.000 0.000 0.000 512.000 0.403
109184.000 73.659 25088.000 16.925 1232.000 0.831 32.000 0.022 320.000 0.216
76800.000 54.325 51968.000 36.760 5024.000 3.554 36.000 0.025 53952.000 38.163
31232.000 22.857 67200.000 49.181 1568.000 1.148 128.000 0.094 245056.000 179.346
135936.000 100.483 18816.000 13.909 3856.000 2.850 800.000 0.591 192.000 0.142
135936.000 104.372 35872.000 27.543 0.000 0.000 0.000 0.000 896.000 0.688
158592.000 124.359 39384.000 30.883 0.000 0.000 0.000 0.000 640.000 0.502
113280.000 82.732 25088.000 18.323 0.000 0.000 0.000 0.000 512.000 0.374
325632.000 230.067 50176.000 35.451 11408.000 8.060 352.000 0.249 1280.000 0.904
361088.000 279.396 100352.000 77.648 0.000 0.000 0.000 0.000 1792.000 1.387
398720.000 310.085 75264.000 58.533 0.000 0.000 0.000 0.000 1792.000 1.394
356864.000 282.741 100352.000 79.508 0.000 0.000 0.000 0.000 1792.000 1.420
294400.000 228.175 75264.000 58.333 0.000 0.000 0.000 0.000 1536.000 1.190
0.000 0.000 0.000 0.000 0.000 0.000 0.000 0.000 0.000 0.000
311552.000 223.688 0.000 0.000 13584.000 9.753 1416.000 1.017 0.000 0.000
443072.000 309.676 0.000 0.000 0.000 0.000 0.000 0.000 0.000 0.000
461248.000 312.143 0.000 0.000 0.000 0.000 0.000 0.000 0.000 0.000
379520.000 278.245 12544.000 9.197 0.000 0.000 0.000 0.000 1024.000 0.751
411520.000 304.437 12544.000 9.280 0.000 0.000 0.000 0.000 0.000 0.000
437184.000 319.546 0.000 0.000 0.000 0.000 0.000 0.000 0.000 0.000
427776.000 315.462 0.000 0.000 0.000 0.000 0.000 0.000 0.000 0.000
357248.000 265.125 25088.000 18.619 0.000 0.000 0.000 0.000 1024.000 0.760
433792.000 318.991 0.000 0.000 0.000 0.000 0.000 0.000 0.000 0.000
454464.000 312.342 0.000 0.000 0.000 0.000 0.000 0.000 0.000 0.000
453248.000 316.472 0.000 0.000 0.000 0.000 0.000 0.000 0.000 0.000
351296.000 261.216 25088.000 18.655 0.000 0.000 0.000 0.000 1024.000 0.761
431232.000 318.862 0.000 0.000 0.000 0.000 0.000 0.000 0.000 0.000
434112.000 320.042 0.000 0.000 0.000 0.000 0.000 0.000 0.000 0.000
433216.000 318.764 0.000 0.000 0.000 0.000 0.000 0.000 0.000 0.000
161088.000 113.630 25088.000 17.697 0.000 0.000 0.000 0.000 1024.000 0.722
530048.000 356.294 25088.000 16.864 3920.000 2.635 580.000 0.390 1024.000 0.688
223616.000 160.827 25088.000 18.044 1888.000 1.358 2760.000 1.985 1024.000 0.736
435008.000 310.232 0.000 0.000 0.000 0.000 0.000 0.000 0.000 0.000
441536.000 314.399 0.000 0.000 0.000 0.000 0.000 0.000 0.000 0.000
182144.000 123.850 29696.000 20.192 3168.000 2.154 16.000 0.011 61120.000 41.559
0.000 0.000 3584.000 2.540 0.000 0.000 0.000 0.000 41216.000 29.213
