391680.000 52.980 227760.000 30.808 15280.000 2.067 32.000 0.004 25600.000 3.463
127296.000 91.179 75920.000 54.380 0.000 0.000 0.000 0.000 8320.000 5.959
127296.000 98.113 75920.000 58.515 0.000 0.000 0.000 0.000 7680.000 5.919
68544.000 49.399 46720.000 33.671 0.000 0.000 0.000 0.000 5120.000 3.690
0.000 0.000 0.000 0.000 0.000 0.000 0.000 0.000 0.000 0.000
0.000 0.000 0.000 0.000 0.000 0.000 0.000 0.000 0.000 0.000
0.000 0.000 0.000 0.000 0.000 0.000 0.000 0.000 0.000 0.000
0.000 0.000 0.000 0.000 0.000 0.000 0.000 0.000 0.000 0.000
0.000 0.000 0.000 0.000 0.000 0.000 0.000 0.000 0.000 0.000
0.000 0.000 0.000 0.000 0.000 0.000 0.000 0.000 0.000 0.000
1277664.000 162.183 95424.000 12.113 26624.000 3.380 168.000 0.021 5376.000 0.682
455136.000 310.531 27264.000 18.602 2048.000 1.397 0.000 0.000 1920.000 1.310
406656.000 307.256 40896.000 30.900 1792.000 1.354 0.000 0.000 1920.000 1.451
459744.000 326.778 27264.000 19.379 1536.000 1.092 0.000 0.000 1536.000 1.092
376096.000 288.763 40896.000 31.400 2048.000 1.572 0.000 0.000 2304.000 1.769
418688.000 322.569 27264.000 21.005 1536.000 1.183 0.000 0.000 1536.000 1.183
416640.000 322.774 27264.000 21.122 1536.000 1.190 0.000 0.000 1536.000 1.190
397136.000 292.248 40896.000 30.095 2048.000 1.507 0.000 0.000 2304.000 1.695
416512.000 321.932 27264.000 21.073 1792.000 1.385 0.000 0.000 1536.000 1.187
400848.000 310.076 27264.000 21.090 1536.000 1.188 0.000 0.000 1920.000 1.485
390224.000 302.424 40896.000 31.694 1792.000 1.389 0.000 0.000 1920.000 1.488
454368.000 325.204 27264.000 19.514 1792.000 1.283 0.000 0.000 1536.000 1.099
378784.000 289.657 40896.000 31.273 1792.000 1.370 0.000 0.000 2304.000 1.762
421760.000 323.361 27264.000 20.903 1792.000 1.374 0.000 0.000 1536.000 1.178
416896.000 322.428 27264.000 21.086 1536.000 1.188 0.000 0.000 1536.000 1.188
372000.000 288.782 40896.000 31.747 1216.000 0.944 0.000 0.000 2304.000 1.789
448480.000 327.243 27264.000 19.894 0.000 0.000 0.000 0.000 1536.000 1.121
409680.000 313.691 27264.000 20.876 0.000 0.000 0.000 0.000 1536.000 1.176
418496.000 303.368 40896.000 29.646 0.000 0.000 0.000 0.000 2304.000 1.670
418160.000 324.163 27264.000 21.135 0.000 0.000 0.000 0.000 1536.000 1.191
376304.000 292.141 34080.000 26.458 0.000 0.000 0.000 0.000 2304.000 1.789
411264.000 318.710 34080.000 26.410 0.000 0.000 0.000 0.000 1536.000 1.190
420480.000 324.009 27264.000 21.009 0.000 0.000 0.000 0.000 1536.000 1.184
381216.000 296.560 34080.000 26.512 0.000 0.000 0.000 0.000 2304.000 1.792
406400.000 316.294 34080.000 26.524 0.000 0.000 0.000 0.000 1536.000 1.195
418304.000 323.157 27264.000 21.063 0.000 0.000 0.000 0.000 1536.000 1.187
433328.000 298.870 40896.000 28.206 0.000 0.000 0.000 0.000 2304.000 1.589
301488.000 221.754 27264.000 20.054 0.000 0.000 0.000 0.000 1536.000 1.130
