218880.000 181.526 0.000 0.000 12912.000 10.708 5616.000 4.658 0.000 0.000
354944.000 248.508 0.000 0.000 0.000 0.000 0.000 0.000 0.000 0.000
274032.000 200.594 28672.000 20.988 0.000 0.000 0.000 0.000 1024.000 0.750
348048.000 254.471 0.000 0.000 0.000 0.000 0.000 0.000 0.000 0.000
364416.000 256.870 0.000 0.000 0.000 0.000 0.000 0.000 0.000 0.000
268320.000 197.339 28672.000 21.087 0.000 0.000 0.000 0.000 1024.000 0.753
373536.000 251.680 0.000 0.000 0.000 0.000 0.000 0.000 0.000 0.000
312768.000 228.742 0.000 0.000 0.000 0.000 0.000 0.000 512.000 0.374
314496.000 230.941 28672.000 21.054 0.000 0.000 0.000 0.000 512.000 0.376
366080.000 254.611 0.000 0.000 0.000 0.000 0.000 0.000 0.000 0.000
268672.000 199.100 28672.000 21.247 0.000 0.000 0.000 0.000 1024.000 0.759
348928.000 255.955 0.000 0.000 0.000 0.000 0.000 0.000 0.000 0.000
350192.000 255.600 0.000 0.000 0.000 0.000 0.000 0.000 0.000 0.000
291168.000 201.659 28672.000 19.858 0.000 0.000 0.000 0.000 1024.000 0.709
347184.000 254.295 0.000 0.000 0.000 0.000 0.000 0.000 0.000 0.000
278656.000 205.228 28672.000 21.117 0.000 0.000 0.000 0.000 1024.000 0.754
351056.000 256.849 0.000 0.000 0.000 0.000 0.000 0.000 0.000 0.000
368560.000 255.091 0.000 0.000 0.000 0.000 0.000 0.000 0.000 0.000
106496.000 75.138 28672.000 20.230 0.000 0.000 0.000 0.000 1024.000 0.722
266240.000 189.719 37632.000 26.816 2832.000 2.018 296.000 0.211 1024.000 0.730
266240.000 182.384 62720.000 42.965 0.000 0.000 0.000 0.000 1024.000 0.701
178944.000 130.266 0.000 0.000 6288.000 4.577 800.000 0.582 0.000 0.000
181376.000 138.656 25088.000 19.179 0.000 0.000 0.000 0.000 256.000 0.196
178368.000 137.832 25088.000 19.386 0.000 0.000 0.000 0.000 256.000 0.198
175424.000 135.769 25088.000 19.417 0.000 0.000 0.000 0.000 256.000 0.198
180800.000 141.285 25088.000 19.605 0.000 0.000 0.000 0.000 256.000 0.200
190272.000 141.091 25088.000 18.603 0.000 0.000 0.000 0.000 256.000 0.190
158976.000 112.533 31360.000 22.199 928.000 0.657 136.000 0.096 384.000 0.272
35968.000 24.794 81536.000 56.207 2736.000 1.886 1264.000 0.871 3072.000 2.118
229856.000 168.971 18816.000 13.832 11376.000 8.363 192.000 0.141 384.000 0.282
329760.000 249.301 18816.000 14.225 0.000 0.000 0.000 0.000 768.000 0.581
308096.000 236.415 21952.000 16.845 0.000 0.000 0.000 0.000 896.000 0.688
