36864.000 29.951 3816.000 3.100 12704.000 10.322 176.000 0.143 512.000 0.416
189696.000 137.409 166136.000 120.343 0.000 0.000 0.000 0.000 2560.000 1.854
215808.000 158.357 145424.000 106.710 0.000 0.000 0.000 0.000 2560.000 1.878
589824.000 70.581 487424.000 58.327 0.000 0.000 0.000 0.000 8704.000 1.042
0.000 0.000 0.000 0.000 0.000 0.000 0.000 0.000 0.000 0.000
0.000 0.000 0.000 0.000 0.000 0.000 0.000 0.000 0.000 0.000
0.000 0.000 0.000 0.000 0.000 0.000 0.000 0.000 0.000 0.000
0.000 0.000 0.000 0.000 0.000 0.000 0.000 0.000 0.000 0.000
0.000 0.000 0.000 0.000 0.000 0.000 0.000 0.000 0.000 0.000
0.000 0.000 0.000 0.000 0.000 0.000 0.000 0.000 0.000 0.000
0.000 0.000 0.000 0.000 0.000 0.000 0.000 0.000 0.000 0.000
0.000 0.000 27776.000 17.937 18688.000 12.068 36.000 0.023 336384.000 217.228
0.000 0.000 34944.000 25.365 6912.000 5.017 0.000 0.000 414592.000 300.944
0.000 0.000 34944.000 25.419 6912.000 5.028 0.000 0.000 420864.000 306.145
0.000 0.000 35840.000 26.229 6912.000 5.059 0.000 0.000 418944.000 306.602
0.000 0.000 34944.000 25.717 6912.000 5.087 0.000 0.000 416128.000 306.249
0.000 0.000 35840.000 26.181 7168.000 5.236 0.000 0.000 422912.000 308.936
0.000 0.000 37632.000 26.205 7168.000 4.991 0.000 0.000 448000.000 311.960
0.000 0.000 36736.000 25.517 7424.000 5.157 0.000 0.000 437248.000 303.716
0.000 0.000 36736.000 26.480 7168.000 5.167 0.000 0.000 430336.000 310.195
0.000 0.000 35840.000 26.312 6912.000 5.074 0.000 0.000 421248.000 309.259
0.000 0.000 34944.000 25.636 6912.000 5.071 0.000 0.000 424320.000 311.300
0.000 0.000 35840.000 26.421 6912.000 5.095 0.000 0.000 421888.000 311.008
0.000 0.000 35840.000 26.342 7168.000 5.268 0.000 0.000 421248.000 309.611
0.000 0.000 34944.000 25.802 6912.000 5.104 0.000 0.000 422016.000 311.607
0.000 0.000 35840.000 26.244 7168.000 5.249 0.000 0.000 422912.000 309.678
0.000 0.000 46592.000 25.887 8960.000 4.978 0.000 0.000 541568.000 300.903
0.000 0.000 34944.000 25.547 6912.000 5.053 0.000 0.000 422528.000 308.906
0.000 0.000 35840.000 26.471 6912.000 5.105 0.000 0.000 426496.000 315.008
0.000 0.000 35840.000 26.316 7168.000 5.263 0.000 0.000 419968.000 308.365
0.000 0.000 35840.000 26.296 6912.000 5.071 0.000 0.000 419584.000 307.845
0.000 0.000 35488.000 26.045 3680.000 2.701 0.000 0.000 422016.000 309.718
0.000 0.000 35288.000 25.999 0.000 0.000 0.000 0.000 428928.000 316.025
0.000 0.000 14336.000 7.314 0.000 0.000 0.000 0.000 158848.000 81.041
0.000 0.000 0.000 0.000 0.000 0.000 0.000 0.000 0.000 0.000
147456.000 97.088 12904.000 8.496 7552.000 4.972 176.000 0.116 512.000 0.337
303744.000 209.055 73104.000 50.315 0.000 0.000 0.000 0.000 1024.000 0.705
318592.000 225.737 57344.000 40.631 0.000 0.000 0.000 0.000 1024.000 0.726
262400.000 184.078 57344.000 40.228 0.000 0.000 0.000 0.000 1024.000 0.718
69632.000 43.691 0.000 0.000 13584.000 8.523 464.000 0.291 0.000 0.000
151424.000 111.676 57344.000 42.292 0.000 0.000 0.000 0.000 512.000 0.378
188288.000 140.926 28672.000 21.460 0.000 0.000 0.000 0.000 256.000 0.192
152576.000 116.394 57344.000 43.745 0.000 0.000 0.000 0.000 512.000 0.391
176384.000 134.893 28672.000 21.928 0.000 0.000 0.000 0.000 256.000 0.196
162816.000 125.658 57344.000 44.257 0.000 0.000 0.000 0.000 512.000 0.395
162816.000 124.598 28672.000 21.942 0.000 0.000 0.000 0.000 384.000 0.294
183296.000 141.053 57344.000 44.128 0.000 0.000 0.000 0.000 384.000 0.296
183040.000 123.741 57344.000 38.766 0.000 0.000 0.000 0.000 512.000 0.346
176384.000 134.337 28672.000 21.837 0.000 0.000 0.000 0.000 256.000 0.195
164480.000 125.494 57344.000 43.752 0.000 0.000 0.000 0.000 512.000 0.391
161152.000 124.018 28672.000 22.065 0.000 0.000 0.000 0.000 384.000 0.296
173952.000 133.580 57344.000 44.035 0.000 0.000 0.000 0.000 384.000 0.295
130176.000 100.649 49224.000 38.059 0.000 0.000 0.000 0.000 512.000 0.396
0.000 0.000 8112.000 5.129 0.000 0.000 0.000 0.000 0.000 0.000
0.000 0.000 0.000 0.000 0.000 0.000 0.000 0.000 0.000 0.000
0.000 0.000 0.000 0.000 0.000 0.000 0.000 0.000 0.000 0.000
0.000 0.000 0.000 0.000 0.000 0.000 0.000 0.000 0.000 0.000
0.000 0.000 0.000 0.000 0.000 0.000 0.000 0.000 0.000 0.000
0.000 0.000 1792.000 1.224 13824.000 9.444 36.000 0.025 50176.000 34.279
0.000 0.000 19264.000 12.102 7680.000 4.825 0.000 0.000 454016.000 285.211
0.000 0.000 19264.000 12.438 7680.000 4.959 0.000 0.000 459904.000 296.950
0.000 0.000 18816.000 13.166 7168.000 5.015 0.000 0.000 441856.000 309.170
0.000 0.000 18368.000 12.991 7424.000 5.251 0.000 0.000 437632.000 309.510
0.000 0.000 18816.000 13.253 7168.000 5.049 0.000 0.000 443008.000 312.024
0.000 0.000 18368.000 12.990 7424.000 5.250 0.000 0.000 440064.000 311.210
0.000 0.000 18816.000 13.234 864.000 0.608 0.000 0.000 443648.000 312.026
0.000 0.000 17024.000 11.815 0.000 0.000 0.000 0.000 399360.000 277.162
164736.000 103.160 25088.000 15.710 3824.000 2.395 592.000 0.371 512.000 0.321
160896.000 118.055 150528.000 110.448 0.000 0.000 0.000 0.000 1536.000 1.127
0.000 0.000 0.000 0.000 2208.000 1.279 36.000 0.021 50176.000 29.072
0.000 0.000 21952.000 15.085 0.000 0.000 0.000 0.000 351232.000 241.360
87552.000 59.099 28224.000 19.052 640.000 0.432 352.000 0.238 200960.000 135.651
99840.000 70.249 75264.000 52.957 1584.000 1.115 576.000 0.405 1536.000 1.081
281344.000 172.966 0.000 0.000 10768.000 6.620 1140.000 0.701 0.000 0.000
228544.000 163.786 18816.000 13.484 0.000 0.000 0.000 0.000 768.000 0.550
263168.000 189.798 0.000 0.000 0.000 0.000 0.000 0.000 0.000 0.000
221696.000 161.169 18816.000 13.679 0.000 0.000 0.000 0.000 768.000 0.558
261248.000 188.831 0.000 0.000 0.000 0.000 0.000 0.000 0.000 0.000
221056.000 161.796 18816.000 13.772 0.000 0.000 0.000 0.000 768.000 0.562
261248.000 189.531 0.000 0.000 0.000 0.000 0.000 0.000 0.000 0.000
190912.000 136.601 18816.000 13.463 0.000 0.000 0.000 0.000 768.000 0.550
248768.000 128.587 0.000 0.000 10768.000 5.566 1140.000 0.589 0.000 0.000
233536.000 167.433 9408.000 6.745 0.000 0.000 0.000 0.000 768.000 0.551
254336.000 184.185 9408.000 6.813 0.000 0.000 0.000 0.000 0.000 0.000
227968.000 165.027 9408.000 6.810 0.000 0.000 0.000 0.000 768.000 0.556
259840.000 188.636 9408.000 6.830 0.000 0.000 0.000 0.000 0.000 0.000
222464.000 161.643 9408.000 6.836 0.000 0.000 0.000 0.000 768.000 0.558
271296.000 188.412 9408.000 6.534 0.000 0.000 0.000 0.000 0.000 0.000
211008.000 150.117 18816.000 13.386 0.000 0.000 0.000 0.000 768.000 0.546
160768.000 105.646 0.000 0.000 10768.000 7.076 1140.000 0.749 0.000 0.000
261472.000 187.376 0.000 0.000 0.000 0.000 0.000 0.000 0.000 0.000
227040.000 164.024 18816.000 13.594 0.000 0.000 0.000 0.000 768.000 0.555
262528.000 189.623 0.000 0.000 0.000 0.000 0.000 0.000 0.000 0.000
223616.000 162.135 18816.000 13.643 0.000 0.000 0.000 0.000 768.000 0.557
261248.000 189.891 0.000 0.000 0.000 0.000 0.000 0.000 0.000 0.000
241152.000 164.638 18816.000 12.846 0.000 0.000 0.000 0.000 768.000 0.524
261600.000 187.501 0.000 0.000 0.000 0.000 0.000 0.000 0.000 0.000
154208.000 106.456 31360.000 21.649 704.000 0.486 296.000 0.204 1280.000 0.884
105344.000 73.830 28192.000 19.758 2624.000 1.839 1044.000 0.732 72448.000 50.775
