4096.000 3.341 0.000 0.000 17664.000 14.407 744.000 0.607 0.000 0.000
264704.000 181.040 0.000 0.000 1024.000 0.700 0.000 0.000 0.000 0.000
245888.000 180.874 0.000 0.000 1024.000 0.753 0.000 0.000 0.000 0.000
1033984.000 174.116 25088.000 4.225 4096.000 0.690 0.000 0.000 1024.000 0.172
204928.000 145.438 25088.000 17.805 1280.000 0.908 0.000 0.000 1024.000 0.727
248448.000 181.538 0.000 0.000 1024.000 0.748 0.000 0.000 0.000 0.000
248320.000 183.382 0.000 0.000 768.000 0.567 0.000 0.000 0.000 0.000
1205888.000 168.940 50176.000 7.029 5376.000 0.753 0.000 0.000 2048.000 0.287
257728.000 187.694 0.000 0.000 768.000 0.559 0.000 0.000 0.000 0.000
264960.000 187.598 0.000 0.000 1024.000 0.725 0.000 0.000 0.000 0.000
1018816.000 171.465 50176.000 8.445 4352.000 0.732 0.000 0.000 2048.000 0.345
253440.000 183.583 0.000 0.000 1024.000 0.742 0.000 0.000 0.000 0.000
251264.000 187.075 0.000 0.000 768.000 0.572 0.000 0.000 0.000 0.000
257408.000 189.195 0.000 0.000 1024.000 0.753 0.000 0.000 0.000 0.000
1242752.000 174.039 50176.000 7.027 5120.000 0.717 0.000 0.000 2048.000 0.287
258752.000 188.640 0.000 0.000 1024.000 0.747 0.000 0.000 0.000 0.000
254784.000 188.244 0.000 0.000 768.000 0.567 0.000 0.000 0.000 0.000
1020992.000 170.966 50176.000 8.402 4608.000 0.772 0.000 0.000 2048.000 0.343
262656.000 190.037 0.000 0.000 768.000 0.556 0.000 0.000 0.000 0.000
253120.000 185.814 0.000 0.000 1024.000 0.752 0.000 0.000 0.000 0.000
202560.000 151.361 25088.000 18.747 416.000 0.311 0.000 0.000 1024.000 0.765
1270720.000 178.417 25088.000 3.523 0.000 0.000 0.000 0.000 1024.000 0.144
250368.000 180.662 0.000 0.000 0.000 0.000 0.000 0.000 0.000 0.000
204800.000 151.286 25088.000 18.532 0.000 0.000 0.000 0.000 1024.000 0.756
1021696.000 173.173 25088.000 4.252 0.000 0.000 0.000 0.000 1024.000 0.174
250880.000 179.235 0.000 0.000 0.000 0.000 0.000 0.000 0.000 0.000
261248.000 182.587 0.000 0.000 0.000 0.000 0.000 0.000 0.000 0.000
194176.000 144.443 25088.000 18.662 0.000 0.000 0.000 0.000 1024.000 0.762
1074128.000 148.290 25088.000 3.464 20480.000 2.827 128.000 0.018 1024.000 0.141
334416.000 238.545 25088.000 17.896 2304.000 1.643 0.000 0.000 2048.000 1.461
325296.000 241.094 25088.000 18.594 2304.000 1.708 0.000 0.000 2048.000 1.518
1533056.000 260.389 75264.000 12.784 2192.000 0.372 0.000 0.000 6144.000 1.044
343760.000 249.396 25088.000 18.201 0.000 0.000 0.000 0.000 2048.000 1.486
391728.000 290.397 0.000 0.000 0.000 0.000 0.000 0.000 0.000 0.000
334192.000 250.526 25088.000 18.807 0.000 0.000 0.000 0.000 2048.000 1.535
1633856.000 247.350 25088.000 3.798 12944.000 1.960 2760.000 0.418 2048.000 0.310
460480.000 309.866 0.000 0.000 0.000 0.000 0.000 0.000 0.000 0.000
440832.000 314.099 0.000 0.000 0.000 0.000 0.000 0.000 0.000 0.000
440544.000 314.888 0.000 0.000 0.000 0.000 0.000 0.000 0.000 0.000
2144928.000 329.019 0.000 0.000 0.000 0.000 0.000 0.000 0.000 0.000
373312.000 266.634 25088.000 17.919 0.000 0.000 0.000 0.000 2048.000 1.463
442432.000 313.715 0.000 0.000 0.000 0.000 0.000 0.000 0.000 0.000
2201024.000 329.704 0.000 0.000 0.000 0.000 0.000 0.000 0.000 0.000
443392.000 312.796 0.000 0.000 0.000 0.000 0.000 0.000 0.000 0.000
442048.000 313.643 0.000 0.000 0.000 0.000 0.000 0.000 0.000 0.000
459712.000 309.414 0.000 0.000 0.000 0.000 0.000 0.000 0.000 0.000
444736.000 313.433 0.000 0.000 0.000 0.000 0.000 0.000 0.000 0.000
468096.000 313.196 0.000 0.000 0.000 0.000 0.000 0.000 0.000 0.000
59200.000 40.028 25088.000 16.963 0.000 0.000 0.000 0.000 2048.000 1.385
0.000 0.000 16384.000 11.499 6240.000 4.379 16.000 0.011 200704.000 140.858
