71680.000 59.898 0.000 0.000 18960.000 15.844 176.000 0.147 0.000 0.000
232448.000 172.540 114688.000 85.130 0.000 0.000 0.000 0.000 2048.000 1.520
285696.000 220.392 86016.000 66.354 0.000 0.000 0.000 0.000 1536.000 1.185
221184.000 171.391 100352.000 77.761 0.000 0.000 0.000 0.000 2048.000 1.587
267264.000 200.566 100352.000 75.308 0.000 0.000 0.000 0.000 1536.000 1.153
248832.000 190.928 86016.000 66.000 0.000 0.000 0.000 0.000 1792.000 1.375
245888.000 180.435 114688.000 84.159 0.000 0.000 0.000 0.000 1792.000 1.315
270208.000 208.092 86016.000 66.243 0.000 0.000 0.000 0.000 1536.000 1.183
221184.000 173.712 102096.000 80.183 0.000 0.000 0.000 0.000 2048.000 1.608
0.000 0.000 12584.000 6.790 0.000 0.000 0.000 0.000 0.000 0.000
0.000 0.000 0.000 0.000 0.000 0.000 0.000 0.000 0.000 0.000
0.000 0.000 0.000 0.000 0.000 0.000 0.000 0.000 0.000 0.000
0.000 0.000 0.000 0.000 0.000 0.000 0.000 0.000 0.000 0.000
0.000 0.000 0.000 0.000 0.000 0.000 0.000 0.000 0.000 0.000
0.000 0.000 0.000 0.000 0.000 0.000 0.000 0.000 0.000 0.000
0.000 0.000 26880.000 18.844 18432.000 12.922 36.000 0.025 324736.000 227.655
0.000 0.000 34048.000 25.442 6656.000 4.974 0.000 0.000 401408.000 299.943
0.000 0.000 35840.000 25.510 7168.000 5.102 0.000 0.000 429312.000 305.571
0.000 0.000 34048.000 25.539 6656.000 4.993 0.000 0.000 407040.000 305.317
0.000 0.000 34944.000 26.176 6912.000 5.178 0.000 0.000 410752.000 307.686
0.000 0.000 36736.000 25.796 7168.000 5.033 0.000 0.000 434944.000 305.419
0.000 0.000 34944.000 26.169 6912.000 5.176 0.000 0.000 416000.000 311.538
0.000 0.000 34944.000 26.283 6912.000 5.199 0.000 0.000 407936.000 306.832
0.000 0.000 34944.000 26.295 6656.000 5.009 0.000 0.000 410880.000 309.186
0.000 0.000 34048.000 25.601 6912.000 5.197 0.000 0.000 417408.000 313.852
0.000 0.000 34944.000 26.200 6912.000 5.182 0.000 0.000 412160.000 309.030
0.000 0.000 36736.000 26.081 7168.000 5.089 0.000 0.000 433664.000 307.886
0.000 0.000 36736.000 25.747 7168.000 5.024 0.000 0.000 440832.000 308.959
0.000 0.000 35368.000 26.422 6912.000 5.164 0.000 0.000 412160.000 307.908
0.000 0.000 35408.000 26.589 6912.000 5.190 0.000 0.000 413056.000 310.179
0.000 0.000 34944.000 26.231 6912.000 5.189 0.000 0.000 412544.000 309.678
0.000 0.000 34048.000 25.643 6656.000 5.013 0.000 0.000 417408.000 314.368
0.000 0.000 34944.000 26.077 6912.000 5.158 0.000 0.000 412672.000 307.955
0.000 0.000 34944.000 26.267 6912.000 5.196 0.000 0.000 412160.000 309.820
0.000 0.000 34944.000 26.324 6656.000 5.014 0.000 0.000 416768.000 313.957
0.000 0.000 36736.000 25.963 7424.000 5.247 0.000 0.000 435200.000 307.571
0.000 0.000 35840.000 26.152 864.000 0.630 0.000 0.000 423936.000 309.343
0.000 0.000 34944.000 26.212 0.000 0.000 0.000 0.000 415744.000 311.856
0.000 0.000 896.000 0.577 0.000 0.000 0.000 0.000 0.000 0.000
0.000 0.000 0.000 0.000 0.000 0.000 0.000 0.000 0.000 0.000
267392.000 180.240 14336.000 9.663 5088.000 3.430 280.000 0.189 2048.000 1.380
317120.000 238.635 39448.000 29.685 0.000 0.000 0.000 0.000 6144.000 4.623
445008.000 314.134 32224.000 22.747 0.000 0.000 0.000 0.000 4096.000 2.891
413040.000 316.389 43008.000 32.944 0.000 0.000 0.000 0.000 6144.000 4.706
303296.000 234.608 39448.000 30.514 0.000 0.000 0.000 0.000 6144.000 4.753
404288.000 311.797 32224.000 24.852 0.000 0.000 0.000 0.000 4096.000 3.159
403456.000 310.236 28672.000 22.047 0.000 0.000 0.000 0.000 6144.000 4.724
349440.000 253.771 43008.000 31.233 0.000 0.000 0.000 0.000 6144.000 4.462
395008.000 303.626 43008.000 33.058 0.000 0.000 0.000 0.000 4096.000 3.148
432640.000 315.558 40320.000 29.409 0.000 0.000 0.000 0.000 6144.000 4.481
333568.000 255.113 31360.000 23.984 0.000 0.000 0.000 0.000 6144.000 4.699
2060080.000 192.471 114688.000 10.715 26768.000 2.501 128.000 0.012 4096.000 0.383
375536.000 267.867 0.000 0.000 0.000 0.000 0.000 0.000 0.000 0.000
331648.000 249.942 25088.000 18.907 0.000 0.000 0.000 0.000 1024.000 0.772
333312.000 255.398 25088.000 19.223 0.000 0.000 0.000 0.000 1024.000 0.785
340176.000 258.359 25088.000 19.054 0.000 0.000 0.000 0.000 1024.000 0.778
383072.000 289.714 0.000 0.000 0.000 0.000 0.000 0.000 0.000 0.000
100144.000 54.798 25088.000 13.728 0.000 0.000 0.000 0.000 1024.000 0.560
0.000 0.000 0.000 0.000 0.000 0.000 0.000 0.000 0.000 0.000
0.000 0.000 4704.000 2.897 6240.000 3.844 16.000 0.010 82560.000 50.853
0.000 0.000 24304.000 17.270 0.000 0.000 0.000 0.000 391808.000 278.415
0.000 0.000 21168.000 14.742 0.000 0.000 0.000 0.000 328448.000 228.743
281984.000 203.668 0.000 0.000 13152.000 9.499 2764.000 1.996 0.000 0.000
430640.000 309.829 0.000 0.000 0.000 0.000 0.000 0.000 0.000 0.000
472144.000 306.267 0.000 0.000 0.000 0.000 0.000 0.000 0.000 0.000
437824.000 314.391 0.000 0.000 0.000 0.000 0.000 0.000 0.000 0.000
438960.000 317.583 0.000 0.000 0.000 0.000 0.000 0.000 0.000 0.000
439744.000 314.874 0.000 0.000 0.000 0.000 0.000 0.000 0.000 0.000
437184.000 315.873 0.000 0.000 0.000 0.000 0.000 0.000 0.000 0.000
442160.000 316.634 0.000 0.000 0.000 0.000 0.000 0.000 0.000 0.000
438336.000 316.527 0.000 0.000 0.000 0.000 0.000 0.000 0.000 0.000
525280.000 307.976 0.000 0.000 0.000 0.000 0.000 0.000 0.000 0.000
440384.000 315.060 0.000 0.000 0.000 0.000 0.000 0.000 0.000 0.000
373584.000 251.835 25088.000 16.912 0.000 0.000 0.000 0.000 4096.000 2.761
441856.000 314.661 0.000 0.000 0.000 0.000 0.000 0.000 0.000 0.000
440384.000 316.014 0.000 0.000 0.000 0.000 0.000 0.000 0.000 0.000
437568.000 316.093 0.000 0.000 0.000 0.000 0.000 0.000 0.000 0.000
437936.000 317.552 0.000 0.000 0.000 0.000 0.000 0.000 0.000 0.000
470736.000 306.561 0.000 0.000 0.000 0.000 0.000 0.000 0.000 0.000
439088.000 317.301 0.000 0.000 0.000 0.000 0.000 0.000 0.000 0.000
440384.000 316.329 0.000 0.000 0.000 0.000 0.000 0.000 0.000 0.000
440128.000 316.377 0.000 0.000 0.000 0.000 0.000 0.000 0.000 0.000
436528.000 315.917 0.000 0.000 0.000 0.000 0.000 0.000 0.000 0.000
439232.000 317.185 0.000 0.000 0.000 0.000 0.000 0.000 0.000 0.000
94512.000 68.290 25088.000 18.127 13136.000 9.491 2764.000 1.997 4096.000 2.960
475840.000 303.038 0.000 0.000 0.000 0.000 0.000 0.000 0.000 0.000
436544.000 313.756 0.000 0.000 0.000 0.000 0.000 0.000 0.000 0.000
442240.000 316.827 0.000 0.000 0.000 0.000 0.000 0.000 0.000 0.000
439152.000 315.349 0.000 0.000 0.000 0.000 0.000 0.000 0.000 0.000
464064.000 314.017 0.000 0.000 0.000 0.000 0.000 0.000 0.000 0.000
436800.000 315.429 0.000 0.000 0.000 0.000 0.000 0.000 0.000 0.000
439616.000 316.139 0.000 0.000 0.000 0.000 0.000 0.000 0.000 0.000
474560.000 307.664 0.000 0.000 0.000 0.000 0.000 0.000 0.000 0.000
437696.000 314.819 0.000 0.000 0.000 0.000 0.000 0.000 0.000 0.000
436928.000 316.097 0.000 0.000 0.000 0.000 0.000 0.000 0.000 0.000
346384.000 253.555 25088.000 18.365 0.000 0.000 0.000 0.000 4096.000 2.998
440064.000 317.209 0.000 0.000 0.000 0.000 0.000 0.000 0.000 0.000
440816.000 316.283 0.000 0.000 0.000 0.000 0.000 0.000 0.000 0.000
439232.000 315.452 0.000 0.000 0.000 0.000 0.000 0.000 0.000 0.000
464960.000 310.224 0.000 0.000 0.000 0.000 0.000 0.000 0.000 0.000
440768.000 315.865 0.000 0.000 0.000 0.000 0.000 0.000 0.000 0.000
439104.000 316.200 0.000 0.000 0.000 0.000 0.000 0.000 0.000 0.000
441008.000 317.414 0.000 0.000 0.000 0.000 0.000 0.000 0.000 0.000
439360.000 316.485 0.000 0.000 0.000 0.000 0.000 0.000 0.000 0.000
443072.000 316.951 0.000 0.000 0.000 0.000 0.000 0.000 0.000 0.000
441392.000 315.774 0.000 0.000 0.000 0.000 0.000 0.000 0.000 0.000
339472.000 231.402 25088.000 17.101 0.000 0.000 0.000 0.000 4096.000 2.792
441728.000 281.477 0.000 0.000 1616.000 1.030 972.000 0.619 0.000 0.000
363904.000 260.764 25088.000 17.977 0.000 0.000 0.000 0.000 4096.000 2.935
443648.000 320.729 0.000 0.000 0.000 0.000 0.000 0.000 1024.000 0.740
288640.000 206.844 25088.000 17.978 1616.000 1.158 972.000 0.697 3072.000 2.201
370432.000 269.906 25088.000 18.280 0.000 0.000 0.000 0.000 4096.000 2.984
494208.000 354.065 0.000 0.000 0.000 0.000 0.000 0.000 0.000 0.000
259840.000 173.463 25088.000 16.748 1616.000 1.079 972.000 0.649 4096.000 2.734
460800.000 330.825 0.000 0.000 0.000 0.000 0.000 0.000 0.000 0.000
393600.000 286.663 25088.000 18.272 0.000 0.000 0.000 0.000 4096.000 2.983
247680.000 176.696 25088.000 17.898 1616.000 1.153 972.000 0.693 4096.000 2.922
491520.000 347.602 0.000 0.000 0.000 0.000 0.000 0.000 0.000 0.000
365952.000 264.117 25088.000 18.107 0.000 0.000 0.000 0.000 4096.000 2.956
375168.000 274.087 14824.000 10.830 0.000 0.000 0.000 0.000 4096.000 2.992
404992.000 264.869 10256.000 6.708 768.000 0.502 972.000 0.636 0.000 0.000
279296.000 198.381 25088.000 17.820 1616.000 1.148 972.000 0.690 4096.000 2.909
380160.000 271.679 25088.000 17.929 0.000 0.000 0.000 0.000 4096.000 2.927
184832.000 133.203 25088.000 18.080 0.000 0.000 0.000 0.000 4096.000 2.952
395952.000 283.035 0.000 0.000 12944.000 9.253 1584.000 1.132 0.000 0.000
436416.000 312.935 0.000 0.000 0.000 0.000 0.000 0.000 0.000 0.000
439984.000 315.613 0.000 0.000 0.000 0.000 0.000 0.000 0.000 0.000
523744.000 307.064 0.000 0.000 0.000 0.000 0.000 0.000 0.000 0.000
438208.000 314.651 0.000 0.000 0.000 0.000 0.000 0.000 0.000 0.000
438800.000 316.515 0.000 0.000 0.000 0.000 0.000 0.000 0.000 0.000
437728.000 316.250 0.000 0.000 0.000 0.000 0.000 0.000 0.000 0.000
438848.000 315.559 0.000 0.000 0.000 0.000 0.000 0.000 0.000 0.000
438576.000 316.531 0.000 0.000 0.000 0.000 0.000 0.000 0.000 0.000
442816.000 316.001 0.000 0.000 0.000 0.000 0.000 0.000 0.000 0.000
435776.000 295.772 8192.000 5.560 0.000 0.000 0.000 0.000 2048.000 1.390
440496.000 317.807 0.000 0.000 0.000 0.000 0.000 0.000 0.000 0.000
440000.000 316.367 0.000 0.000 0.000 0.000 0.000 0.000 0.000 0.000
441152.000 316.712 0.000 0.000 0.000 0.000 0.000 0.000 0.000 0.000
440640.000 315.785 0.000 0.000 0.000 0.000 0.000 0.000 0.000 0.000
441520.000 317.018 0.000 0.000 0.000 0.000 0.000 0.000 0.000 0.000
440640.000 315.905 0.000 0.000 0.000 0.000 0.000 0.000 0.000 0.000
465216.000 312.238 0.000 0.000 0.000 0.000 0.000 0.000 0.000 0.000
445120.000 316.002 0.000 0.000 0.000 0.000 0.000 0.000 0.000 0.000
441536.000 316.522 0.000 0.000 0.000 0.000 0.000 0.000 0.000 0.000
440256.000 314.015 0.000 0.000 0.000 0.000 0.000 0.000 0.000 0.000
334080.000 238.322 8192.000 5.844 0.000 0.000 0.000 0.000 2048.000 1.461
