157824.000 121.818 28672.000 22.131 4624.000 3.569 464.000 0.358 256.000 0.198
187776.000 125.859 57344.000 38.436 0.000 0.000 0.000 0.000 512.000 0.343
182656.000 141.332 28672.000 22.185 0.000 0.000 0.000 0.000 256.000 0.198
141184.000 111.234 57344.000 45.179 0.000 0.000 0.000 0.000 512.000 0.403
76032.000 56.487 28672.000 21.302 0.000 0.000 0.000 0.000 256.000 0.190
0.000 0.000 0.000 0.000 0.000 0.000 0.000 0.000 0.000 0.000
0.000 0.000 0.000 0.000 0.000 0.000 0.000 0.000 0.000 0.000
0.000 0.000 0.000 0.000 0.000 0.000 0.000 0.000 0.000 0.000
535552.000 89.554 118120.000 19.752 4624.000 0.773 464.000 0.078 1280.000 0.214
205312.000 140.757 53904.000 36.955 0.000 0.000 0.000 0.000 256.000 0.176
4608.000 3.604 28672.000 22.423 0.000 0.000 0.000 0.000 256.000 0.200
0.000 0.000 0.000 0.000 0.000 0.000 0.000 0.000 0.000 0.000
0.000 0.000 0.000 0.000 0.000 0.000 0.000 0.000 0.000 0.000
728448.000 116.412 172032.000 27.492 4624.000 0.739 464.000 0.074 1536.000 0.245
17024.000 13.289 28672.000 22.381 0.000 0.000 0.000 0.000 256.000 0.200
0.000 0.000 0.000 0.000 0.000 0.000 0.000 0.000 0.000 0.000
479232.000 76.638 344064.000 55.022 15376.000 2.459 176.000 0.028 12288.000 1.965
147456.000 96.975 129024.000 84.853 0.000 0.000 0.000 0.000 5120.000 3.367
147456.000 114.014 114688.000 88.677 0.000 0.000 0.000 0.000 4096.000 3.167
147456.000 116.391 100352.000 79.211 0.000 0.000 0.000 0.000 3584.000 2.829
981504.000 145.357 186368.000 27.600 5072.000 0.751 280.000 0.041 15872.000 2.351
379776.000 284.266 43008.000 32.192 0.000 0.000 0.000 0.000 4096.000 3.066
412160.000 310.914 28672.000 21.629 0.000 0.000 0.000 0.000 6144.000 4.635
369280.000 282.938 43008.000 32.952 0.000 0.000 0.000 0.000 4096.000 3.138
1796480.000 284.554 186368.000 29.520 0.000 0.000 0.000 0.000 26624.000 4.217
235648.000 180.753 28672.000 21.993 0.000 0.000 0.000 0.000 4096.000 3.142
0.000 0.000 0.000 0.000 0.000 0.000 0.000 0.000 0.000 0.000
0.000 0.000 75264.000 11.419 5728.000 0.869 36.000 0.005 351232.000 53.289
0.000 0.000 62720.000 40.381 0.000 0.000 0.000 0.000 233472.000 150.315
0.000 0.000 50176.000 36.407 0.000 0.000 0.000 0.000 218112.000 158.261
0.000 0.000 50176.000 37.113 0.000 0.000 0.000 0.000 200704.000 148.451
243200.000 32.148 163072.000 21.556 18688.000 2.470 748.000 0.099 602112.000 79.591
247680.000 179.130 0.000 0.000 1024.000 0.741 0.000 0.000 0.000 0.000
249856.000 183.796 0.000 0.000 768.000 0.565 0.000 0.000 0.000 0.000
207360.000 145.825 25088.000 17.643 1280.000 0.900 0.000 0.000 1024.000 0.720
244096.000 181.435 0.000 0.000 768.000 0.571 0.000 0.000 0.000 0.000
252416.000 183.267 0.000 0.000 1024.000 0.743 0.000 0.000 0.000 0.000
193792.000 145.288 12544.000 9.404 768.000 0.576 0.000 0.000 1024.000 0.768
243200.000 180.567 12544.000 9.313 1280.000 0.950 0.000 0.000 0.000 0.000
243200.000 181.033 0.000 0.000 768.000 0.572 0.000 0.000 0.000 0.000
243200.000 179.883 0.000 0.000 1024.000 0.757 0.000 0.000 0.000 0.000
2572416.000 175.779 75264.000 5.143 10496.000 0.717 0.000 0.000 3072.000 0.210
206720.000 151.451 25088.000 18.380 1024.000 0.750 0.000 0.000 1024.000 0.750
252032.000 186.967 0.000 0.000 1024.000 0.760 0.000 0.000 0.000 0.000
249024.000 186.622 0.000 0.000 768.000 0.576 0.000 0.000 0.000 0.000
201216.000 151.611 25088.000 18.903 1280.000 0.964 0.000 0.000 1024.000 0.772
1540608.000 181.905 25088.000 2.962 5888.000 0.695 0.000 0.000 1024.000 0.121
222464.000 154.847 25088.000 17.463 1024.000 0.713 0.000 0.000 1024.000 0.713
272064.000 189.038 0.000 0.000 1024.000 0.712 0.000 0.000 0.000 0.000
250944.000 186.261 0.000 0.000 1024.000 0.760 0.000 0.000 0.000 0.000
228544.000 169.150 0.000 0.000 768.000 0.568 0.000 0.000 512.000 0.379
225216.000 168.015 25088.000 18.716 1280.000 0.955 0.000 0.000 512.000 0.382
251712.000 188.748 0.000 0.000 768.000 0.576 0.000 0.000 0.000 0.000
251712.000 185.841 0.000 0.000 768.000 0.567 0.000 0.000 0.000 0.000
204544.000 153.663 25088.000 18.847 416.000 0.313 0.000 0.000 1024.000 0.769
261632.000 186.367 0.000 0.000 0.000 0.000 0.000 0.000 0.000 0.000
256704.000 189.414 0.000 0.000 0.000 0.000 0.000 0.000 0.000 0.000
244224.000 183.022 0.000 0.000 0.000 0.000 0.000 0.000 0.000 0.000
201856.000 152.096 25088.000 18.904 0.000 0.000 0.000 0.000 1024.000 0.772
258944.000 177.863 0.000 0.000 0.000 0.000 0.000 0.000 0.000 0.000
243200.000 180.864 0.000 0.000 0.000 0.000 0.000 0.000 0.000 0.000
197888.000 148.763 25088.000 18.860 0.000 0.000 0.000 0.000 1024.000 0.770
243456.000 181.318 0.000 0.000 0.000 0.000 0.000 0.000 0.000 0.000
258688.000 181.865 0.000 0.000 0.000 0.000 0.000 0.000 0.000 0.000
234368.000 174.508 0.000 0.000 0.000 0.000 0.000 0.000 0.000 0.000
204800.000 154.195 25088.000 18.889 0.000 0.000 0.000 0.000 1024.000 0.771
241920.000 180.598 0.000 0.000 0.000 0.000 0.000 0.000 0.000 0.000
242176.000 181.187 0.000 0.000 0.000 0.000 0.000 0.000 0.000 0.000
193536.000 146.626 25088.000 19.007 0.000 0.000 0.000 0.000 1024.000 0.776
243968.000 181.651 0.000 0.000 0.000 0.000 0.000 0.000 0.000 0.000
256832.000 177.149 0.000 0.000 0.000 0.000 0.000 0.000 0.000 0.000
248000.000 182.609 0.000 0.000 0.000 0.000 0.000 0.000 0.000 0.000
7168.000 4.779 25088.000 16.727 0.000 0.000 0.000 0.000 1024.000 0.683
0.000 0.000 0.000 0.000 0.000 0.000 0.000 0.000 0.000 0.000
140800.000 101.568 0.000 0.000 18176.000 13.112 748.000 0.540 0.000 0.000
244096.000 179.488 0.000 0.000 1024.000 0.753 0.000 0.000 0.000 0.000
246016.000 182.184 0.000 0.000 1024.000 0.758 0.000 0.000 0.000 0.000
213760.000 150.669 25088.000 17.683 1024.000 0.722 0.000 0.000 1024.000 0.722
243200.000 180.693 0.000 0.000 1024.000 0.761 0.000 0.000 0.000 0.000
243200.000 181.029 0.000 0.000 768.000 0.572 0.000 0.000 0.000 0.000
241536.000 180.315 0.000 0.000 1024.000 0.764 0.000 0.000 0.000 0.000
193664.000 145.030 25088.000 18.788 1024.000 0.767 0.000 0.000 1024.000 0.767
244800.000 180.814 0.000 0.000 1024.000 0.756 0.000 0.000 0.000 0.000
242048.000 180.255 0.000 0.000 768.000 0.572 0.000 0.000 0.000 0.000
204352.000 148.284 12544.000 9.102 768.000 0.557 0.000 0.000 1024.000 0.743
249088.000 182.631 12544.000 9.197 1280.000 0.938 0.000 0.000 0.000 0.000
245504.000 181.061 0.000 0.000 1024.000 0.755 0.000 0.000 0.000 0.000
247040.000 182.771 0.000 0.000 768.000 0.568 0.000 0.000 0.000 0.000
196800.000 148.260 25088.000 18.900 1280.000 0.964 0.000 0.000 1024.000 0.771
264960.000 186.342 0.000 0.000 768.000 0.540 0.000 0.000 0.000 0.000
251712.000 185.698 0.000 0.000 1024.000 0.755 0.000 0.000 0.000 0.000
211968.000 157.795 12544.000 9.338 768.000 0.572 0.000 0.000 1024.000 0.762
264960.000 186.048 12544.000 8.808 1280.000 0.899 0.000 0.000 0.000 0.000
251712.000 185.277 0.000 0.000 1024.000 0.754 0.000 0.000 0.000 0.000
251712.000 187.070 0.000 0.000 768.000 0.571 0.000 0.000 0.000 0.000
200320.000 150.657 25088.000 18.868 1024.000 0.770 0.000 0.000 1024.000 0.770
316352.000 187.160 0.000 0.000 1280.000 0.757 0.000 0.000 0.000 0.000
258432.000 188.070 0.000 0.000 1024.000 0.745 0.000 0.000 0.000 0.000
205248.000 152.748 25088.000 18.671 1024.000 0.762 0.000 0.000 1024.000 0.762
266112.000 185.067 0.000 0.000 1024.000 0.712 0.000 0.000 0.000 0.000
254592.000 188.524 0.000 0.000 768.000 0.569 0.000 0.000 0.000 0.000
251392.000 186.342 0.000 0.000 1024.000 0.759 0.000 0.000 0.000 0.000
208256.000 154.831 25088.000 18.652 1024.000 0.761 0.000 0.000 1024.000 0.761
251712.000 186.925 0.000 0.000 1024.000 0.760 0.000 0.000 0.000 0.000
251712.000 187.505 0.000 0.000 768.000 0.572 0.000 0.000 0.000 0.000
198720.000 148.724 25088.000 18.776 1024.000 0.766 0.000 0.000 1024.000 0.766
264960.000 188.521 0.000 0.000 1024.000 0.729 0.000 0.000 0.000 0.000
278208.000 187.159 0.000 0.000 1024.000 0.689 0.000 0.000 0.000 0.000
251712.000 186.268 0.000 0.000 1024.000 0.758 0.000 0.000 0.000 0.000
205056.000 153.228 25088.000 18.747 1024.000 0.765 0.000 0.000 1024.000 0.765
257472.000 189.673 0.000 0.000 1024.000 0.754 0.000 0.000 0.000 0.000
252864.000 186.809 0.000 0.000 768.000 0.567 0.000 0.000 0.000 0.000
199168.000 148.824 25088.000 18.746 400.000 0.299 0.000 0.000 1024.000 0.765
254400.000 188.326 0.000 0.000 0.000 0.000 0.000 0.000 0.000 0.000
269952.000 188.634 0.000 0.000 0.000 0.000 0.000 0.000 0.000 0.000
255808.000 187.728 0.000 0.000 0.000 0.000 0.000 0.000 0.000 0.000
195712.000 145.429 25088.000 18.642 0.000 0.000 0.000 0.000 1024.000 0.761
245568.000 182.022 0.000 0.000 0.000 0.000 0.000 0.000 0.000 0.000
244480.000 180.708 0.000 0.000 0.000 0.000 0.000 0.000 0.000 0.000
198912.000 148.717 25088.000 18.757 0.000 0.000 0.000 0.000 1024.000 0.766
243200.000 179.996 0.000 0.000 0.000 0.000 0.000 0.000 0.000 0.000
261888.000 180.447 0.000 0.000 0.000 0.000 0.000 0.000 0.000 0.000
243712.000 180.395 0.000 0.000 0.000 0.000 0.000 0.000 0.000 0.000
198400.000 148.667 25088.000 18.799 0.000 0.000 0.000 0.000 1024.000 0.767
243200.000 180.951 0.000 0.000 0.000 0.000 0.000 0.000 0.000 0.000
243200.000 180.442 0.000 0.000 0.000 0.000 0.000 0.000 0.000 0.000
194240.000 145.196 25088.000 18.753 0.000 0.000 0.000 0.000 1024.000 0.765
267008.000 180.081 0.000 0.000 0.000 0.000 0.000 0.000 0.000 0.000
258944.000 181.507 0.000 0.000 0.000 0.000 0.000 0.000 0.000 0.000
246592.000 182.458 0.000 0.000 0.000 0.000 0.000 0.000 0.000 0.000
6016.000 4.001 25088.000 16.687 0.000 0.000 0.000 0.000 1024.000 0.681
199808.000 134.139 0.000 0.000 8336.000 5.596 296.000 0.199 0.000 0.000
444672.000 323.808 50176.000 36.538 0.000 0.000 0.000 0.000 1024.000 0.746
460288.000 343.948 50176.000 37.494 0.000 0.000 0.000 0.000 1024.000 0.765
492672.000 366.730 31144.000 23.183 0.000 0.000 0.000 0.000 1024.000 0.762
1592704.000 198.993 169552.000 21.184 11488.000 1.435 704.000 0.088 9216.000 1.151
453248.000 321.045 46984.000 33.280 0.000 0.000 0.000 0.000 1024.000 0.725
266240.000 193.095 28272.000 20.505 8848.000 6.417 580.000 0.421 1280.000 0.928
393600.000 280.570 75264.000 53.650 0.000 0.000 0.000 0.000 2816.000 2.007
359680.000 272.853 75264.000 57.095 0.000 0.000 0.000 0.000 3072.000 2.330
45440.000 30.909 25088.000 17.065 0.000 0.000 0.000 0.000 1024.000 0.697
327872.000 234.015 0.000 0.000 13008.000 9.284 2760.000 1.970 0.000 0.000
428160.000 306.582 0.000 0.000 0.000 0.000 0.000 0.000 0.000 0.000
431296.000 312.624 0.000 0.000 0.000 0.000 0.000 0.000 0.000 0.000
427840.000 312.103 0.000 0.000 0.000 0.000 0.000 0.000 0.000 0.000
471168.000 305.874 0.000 0.000 0.000 0.000 0.000 0.000 0.000 0.000
437440.000 313.908 0.000 0.000 0.000 0.000 0.000 0.000 0.000 0.000
436224.000 316.013 0.000 0.000 0.000 0.000 0.000 0.000 0.000 0.000
429632.000 312.712 0.000 0.000 0.000 0.000 0.000 0.000 0.000 0.000
504000.000 310.351 0.000 0.000 0.000 0.000 0.000 0.000 0.000 0.000
434368.000 312.639 0.000 0.000 0.000 0.000 0.000 0.000 0.000 0.000
434912.000 313.145 0.000 0.000 0.000 0.000 0.000 0.000 0.000 0.000
397312.000 259.435 25088.000 16.382 0.000 0.000 0.000 0.000 2048.000 1.337
434656.000 313.582 0.000 0.000 0.000 0.000 0.000 0.000 0.000 0.000
435520.000 313.461 0.000 0.000 0.000 0.000 0.000 0.000 0.000 0.000
441024.000 314.583 0.000 0.000 0.000 0.000 0.000 0.000 0.000 0.000
433344.000 313.282 0.000 0.000 0.000 0.000 0.000 0.000 0.000 0.000
436672.000 315.816 0.000 0.000 0.000 0.000 0.000 0.000 0.000 0.000
438080.000 315.041 0.000 0.000 0.000 0.000 0.000 0.000 0.000 0.000
457664.000 307.698 0.000 0.000 0.000 0.000 0.000 0.000 0.000 0.000
435264.000 313.898 0.000 0.000 0.000 0.000 0.000 0.000 0.000 0.000
437440.000 315.343 0.000 0.000 0.000 0.000 0.000 0.000 0.000 0.000
438080.000 315.041 0.000 0.000 0.000 0.000 0.000 0.000 0.000 0.000
437056.000 313.475 0.000 0.000 0.000 0.000 0.000 0.000 0.000 0.000
254976.000 179.602 25088.000 17.672 0.000 0.000 0.000 0.000 2048.000 1.443
307472.000 220.812 0.000 0.000 12944.000 9.296 1584.000 1.138 0.000 0.000
483136.000 303.192 0.000 0.000 0.000 0.000 0.000 0.000 0.000 0.000
441792.000 315.212 0.000 0.000 0.000 0.000 0.000 0.000 0.000 0.000
440512.000 316.573 0.000 0.000 0.000 0.000 0.000 0.000 0.000 0.000
440000.000 317.122 0.000 0.000 0.000 0.000 0.000 0.000 0.000 0.000
442800.000 317.044 0.000 0.000 0.000 0.000 0.000 0.000 0.000 0.000
443456.000 317.160 0.000 0.000 0.000 0.000 0.000 0.000 0.000 0.000
445504.000 316.063 0.000 0.000 0.000 0.000 0.000 0.000 0.000 0.000
2543296.000 329.346 8192.000 1.061 0.000 0.000 0.000 0.000 2048.000 0.265
492240.000 312.482 0.000 0.000 0.000 0.000 0.000 0.000 0.000 0.000
444464.000 315.727 0.000 0.000 0.000 0.000 0.000 0.000 0.000 0.000
459984.000 307.525 0.000 0.000 0.000 0.000 0.000 0.000 0.000 0.000
444336.000 316.978 0.000 0.000 0.000 0.000 0.000 0.000 0.000 0.000
445760.000 315.909 0.000 0.000 0.000 0.000 0.000 0.000 0.000 0.000
443200.000 316.900 0.000 0.000 0.000 0.000 0.000 0.000 0.000 0.000
439744.000 316.729 0.000 0.000 0.000 0.000 0.000 0.000 0.000 0.000
441392.000 316.299 0.000 0.000 0.000 0.000 0.000 0.000 0.000 0.000
38800.000 29.904 8192.000 6.314 0.000 0.000 0.000 0.000 2048.000 1.578
