57472.000 4.022 0.000 0.000 3792.000 0.265 1416.000 0.099 0.000 0.000
471552.000 310.536 0.000 0.000 0.000 0.000 0.000 0.000 0.000 0.000
366144.000 263.449 25088.000 18.051 0.000 0.000 0.000 0.000 1024.000 0.737
458368.000 330.025 0.000 0.000 0.000 0.000 0.000 0.000 0.000 0.000
241856.000 166.596 25088.000 17.281 0.000 0.000 0.000 0.000 1024.000 0.705
0.000 0.000 50176.000 17.367 2912.000 1.008 36.000 0.012 200704.000 69.467
0.000 0.000 0.000 0.000 0.000 0.000 0.000 0.000 0.000 0.000
0.000 0.000 0.000 0.000 0.000 0.000 0.000 0.000 0.000 0.000
0.000 0.000 0.000 0.000 0.000 0.000 0.000 0.000 0.000 0.000
0.000 0.000 0.000 0.000 0.000 0.000 0.000 0.000 0.000 0.000
0.000 0.000 0.000 0.000 0.000 0.000 0.000 0.000 0.000 0.000
0.000 0.000 0.000 0.000 0.000 0.000 0.000 0.000 0.000 0.000
2529280.000 246.179 125440.000 12.209 5040.000 0.491 3736.000 0.364 20480.000 1.993
0.000 0.000 0.000 0.000 0.000 0.000 0.000 0.000 0.000 0.000
0.000 0.000 0.000 0.000 0.000 0.000 0.000 0.000 0.000 0.000
0.000 0.000 0.000 0.000 0.000 0.000 0.000 0.000 0.000 0.000
0.000 0.000 0.000 0.000 0.000 0.000 0.000 0.000 0.000 0.000
0.000 0.000 0.000 0.000 0.000 0.000 0.000 0.000 0.000 0.000
0.000 0.000 0.000 0.000 0.000 0.000 0.000 0.000 0.000 0.000
0.000 0.000 0.000 0.000 0.000 0.000 0.000 0.000 0.000 0.000
0.000 0.000 0.000 0.000 0.000 0.000 0.000 0.000 0.000 0.000
1814400.000 298.437 50176.000 8.253 2736.000 0.450 1940.000 0.319 6144.000 1.011
59520.000 44.616 25088.000 18.806 0.000 0.000 0.000 0.000 4096.000 3.070
0.000 0.000 0.000 0.000 0.000 0.000 0.000 0.000 0.000 0.000
0.000 0.000 0.000 0.000 0.000 0.000 0.000 0.000 0.000 0.000
1792000.000 287.225 0.000 0.000 13008.000 2.085 1584.000 0.254 0.000 0.000
469840.000 312.186 0.000 0.000 0.000 0.000 0.000 0.000 0.000 0.000
445872.000 317.017 0.000 0.000 0.000 0.000 0.000 0.000 0.000 0.000
2283344.000 328.750 8192.000 1.179 0.000 0.000 0.000 0.000 2048.000 0.295
454208.000 316.451 0.000 0.000 0.000 0.000 0.000 0.000 0.000 0.000
445248.000 316.763 0.000 0.000 0.000 0.000 0.000 0.000 0.000 0.000
2053552.000 332.490 0.000 0.000 0.000 0.000 0.000 0.000 0.000 0.000
456576.000 315.607 0.000 0.000 0.000 0.000 0.000 0.000 0.000 0.000
448064.000 317.319 0.000 0.000 0.000 0.000 0.000 0.000 0.000 0.000
446512.000 317.001 0.000 0.000 0.000 0.000 0.000 0.000 0.000 0.000
342672.000 145.305 8192.000 3.474 0.000 0.000 0.000 0.000 2048.000 0.868
