29952.000 2.795 0.000 0.000 13360.000 1.247 5616.000 0.524 0.000 0.000
379648.000 244.467 0.000 0.000 0.000 0.000 0.000 0.000 0.000 0.000
347008.000 248.887 0.000 0.000 0.000 0.000 0.000 0.000 0.000 0.000
264832.000 194.543 28672.000 21.062 0.000 0.000 0.000 0.000 2048.000 1.504
361984.000 252.648 0.000 0.000 0.000 0.000 0.000 0.000 0.000 0.000
284832.000 203.549 16896.000 12.074 0.000 0.000 0.000 0.000 2048.000 1.464
351200.000 252.878 11776.000 8.479 0.000 0.000 0.000 0.000 0.000 0.000
358144.000 258.289 0.000 0.000 0.000 0.000 0.000 0.000 0.000 0.000
866048.000 237.786 28672.000 7.872 0.000 0.000 0.000 0.000 2048.000 0.562
284656.000 197.616 28672.000 19.905 0.000 0.000 0.000 0.000 2048.000 1.422
361872.000 259.753 0.000 0.000 0.000 0.000 0.000 0.000 0.000 0.000
320256.000 232.354 0.000 0.000 0.000 0.000 0.000 0.000 1024.000 0.743
302848.000 220.268 28672.000 20.854 0.000 0.000 0.000 0.000 1024.000 0.745
2287616.000 237.868 82432.000 8.571 3920.000 0.408 1420.000 0.148 6144.000 0.639
486784.000 320.770 0.000 0.000 0.000 0.000 0.000 0.000 0.000 0.000
213888.000 155.709 25088.000 18.264 0.000 0.000 0.000 0.000 2048.000 1.491
0.000 0.000 0.000 0.000 0.000 0.000 0.000 0.000 0.000 0.000
0.000 0.000 0.000 0.000 0.000 0.000 0.000 0.000 0.000 0.000
0.000 0.000 0.000 0.000 0.000 0.000 0.000 0.000 0.000 0.000
0.000 0.000 0.000 0.000 0.000 0.000 0.000 0.000 0.000 0.000
0.000 0.000 0.000 0.000 0.000 0.000 0.000 0.000 0.000 0.000
0.000 0.000 0.000 0.000 0.000 0.000 0.000 0.000 0.000 0.000
1280000.000 216.992 25088.000 4.253 1920.000 0.325 2764.000 0.469 4096.000 0.694
0.000 0.000 0.000 0.000 0.000 0.000 0.000 0.000 0.000 0.000
0.000 0.000 0.000 0.000 0.000 0.000 0.000 0.000 0.000 0.000
0.000 0.000 0.000 0.000 0.000 0.000 0.000 0.000 0.000 0.000
1478272.000 250.931 0.000 0.000 3456.000 0.587 2764.000 0.469 0.000 0.000
460096.000 316.139 0.000 0.000 0.000 0.000 0.000 0.000 0.000 0.000
453312.000 318.250 0.000 0.000 0.000 0.000 0.000 0.000 0.000 0.000
17664.000 13.437 25088.000 19.085 0.000 0.000 0.000 0.000 4096.000 3.116
1499264.000 256.200 0.000 0.000 3456.000 0.591 2764.000 0.472 0.000 0.000
465232.000 316.693 0.000 0.000 0.000 0.000 0.000 0.000 0.000 0.000
444848.000 311.226 0.000 0.000 0.000 0.000 0.000 0.000 0.000 0.000
0.000 0.000 25088.000 19.280 0.000 0.000 0.000 0.000 4096.000 3.148
1518736.000 259.325 0.000 0.000 3456.000 0.590 2764.000 0.472 0.000 0.000
460736.000 317.962 0.000 0.000 0.000 0.000 0.000 0.000 0.000 0.000
430000.000 293.115 0.000 0.000 0.000 0.000 0.000 0.000 2048.000 1.396
0.000 0.000 25088.000 19.297 0.000 0.000 0.000 0.000 2048.000 1.575
1554848.000 263.204 0.000 0.000 3456.000 0.585 2764.000 0.468 0.000 0.000
458816.000 318.015 0.000 0.000 0.000 0.000 0.000 0.000 0.000 0.000
395808.000 279.658 12544.000 8.863 0.000 0.000 0.000 0.000 4096.000 2.894
0.000 0.000 12544.000 9.713 0.000 0.000 0.000 0.000 0.000 0.000
1395328.000 235.430 75264.000 12.699 3104.000 0.524 1940.000 0.327 10240.000 1.728
478592.000 332.372 0.000 0.000 0.000 0.000 0.000 0.000 0.000 0.000
0.000 0.000 25088.000 19.232 0.000 0.000 0.000 0.000 2048.000 1.570
0.000 0.000 0.000 0.000 0.000 0.000 0.000 0.000 0.000 0.000
1399040.000 235.572 75264.000 12.673 3568.000 0.601 1936.000 0.326 6144.000 1.035
439296.000 286.177 25088.000 16.343 0.000 0.000 0.000 0.000 2048.000 1.334
35584.000 26.813 25088.000 18.904 0.000 0.000 0.000 0.000 2048.000 1.543
0.000 0.000 0.000 0.000 0.000 0.000 0.000 0.000 0.000 0.000
1249280.000 207.721 25088.000 4.171 1088.000 0.181 968.000 0.161 2048.000 0.341
