718624.000 79.406 25088.000 2.772 22272.000 2.461 128.000 0.014 1024.000 0.113
357616.000 251.408 25088.000 17.637 2304.000 1.620 0.000 0.000 1024.000 0.720
395248.000 270.501 0.000 0.000 2208.000 1.511 0.000 0.000 512.000 0.350
356000.000 264.021 25088.000 18.606 0.000 0.000 0.000 0.000 512.000 0.380
344016.000 245.871 25088.000 17.931 0.000 0.000 0.000 0.000 1024.000 0.732
339808.000 247.207 25088.000 18.251 0.000 0.000 0.000 0.000 1024.000 0.745
387840.000 287.087 0.000 0.000 0.000 0.000 0.000 0.000 0.000 0.000
348976.000 259.842 25088.000 18.680 0.000 0.000 0.000 0.000 1024.000 0.762
345648.000 257.977 25088.000 18.725 0.000 0.000 0.000 0.000 1024.000 0.764
1328128.000 175.040 50176.000 6.613 24320.000 3.205 128.000 0.017 3072.000 0.405
282752.000 207.109 0.000 0.000 1552.000 1.137 0.000 0.000 0.000 0.000
279984.000 208.122 0.000 0.000 0.000 0.000 0.000 0.000 0.000 0.000
1131616.000 200.017 50176.000 8.869 0.000 0.000 0.000 0.000 4096.000 0.724
285472.000 209.070 0.000 0.000 0.000 0.000 0.000 0.000 0.000 0.000
283552.000 210.380 0.000 0.000 0.000 0.000 0.000 0.000 0.000 0.000
220288.000 164.621 25088.000 18.748 0.000 0.000 0.000 0.000 2048.000 1.530
1575824.000 257.865 25088.000 4.105 4672.000 0.765 3736.000 0.611 4096.000 0.670
470480.000 310.323 0.000 0.000 0.000 0.000 0.000 0.000 0.000 0.000
452928.000 316.912 0.000 0.000 0.000 0.000 0.000 0.000 0.000 0.000
453312.000 318.060 0.000 0.000 0.000 0.000 0.000 0.000 0.000 0.000
2206112.000 304.805 25088.000 3.466 3488.000 0.482 2764.000 0.382 4096.000 0.566
457024.000 317.676 0.000 0.000 0.000 0.000 0.000 0.000 0.000 0.000
452544.000 316.717 0.000 0.000 0.000 0.000 0.000 0.000 0.000 0.000
273536.000 178.488 25088.000 16.370 3488.000 2.276 2764.000 1.804 4096.000 2.673
453952.000 314.816 0.000 0.000 0.000 0.000 0.000 0.000 0.000 0.000
453440.000 316.872 0.000 0.000 0.000 0.000 0.000 0.000 0.000 0.000
475808.000 315.424 0.000 0.000 0.000 0.000 0.000 0.000 0.000 0.000
451424.000 316.729 0.000 0.000 0.000 0.000 0.000 0.000 0.000 0.000
2353392.000 288.712 25088.000 3.078 3488.000 0.428 2764.000 0.339 4096.000 0.502
357392.000 246.903 25088.000 17.332 0.000 0.000 0.000 0.000 4096.000 2.830
313856.000 223.169 21736.000 15.456 2832.000 2.014 968.000 0.688 2048.000 1.456
396672.000 286.505 28432.000 20.536 0.000 0.000 0.000 0.000 2048.000 1.479
415488.000 278.870 25088.000 16.839 0.000 0.000 0.000 0.000 2048.000 1.375
123264.000 79.022 25088.000 16.083 0.000 0.000 0.000 0.000 2048.000 1.313
0.000 0.000 15104.000 10.423 12384.000 8.546 16.000 0.011 186048.000 128.383
0.000 0.000 17664.000 12.524 0.000 0.000 0.000 0.000 215360.000 152.693
