0.000 0.000 0.000 0.000 10896.000 9.444 352.000 0.305 0.000 0.000
434176.000 319.428 75264.000 55.373 0.000 0.000 0.000 0.000 896.000 0.659
349312.000 275.726 100352.000 79.212 0.000 0.000 0.000 0.000 896.000 0.707
409728.000 323.402 75264.000 59.407 0.000 0.000 0.000 0.000 768.000 0.606
331392.000 265.095 98896.000 79.111 0.000 0.000 0.000 0.000 1024.000 0.819
211968.000 139.527 51624.000 33.981 0.000 0.000 0.000 0.000 512.000 0.337
0.000 0.000 0.000 0.000 0.000 0.000 0.000 0.000 0.000 0.000
0.000 0.000 0.000 0.000 0.000 0.000 0.000 0.000 0.000 0.000
0.000 0.000 0.000 0.000 0.000 0.000 0.000 0.000 0.000 0.000
0.000 0.000 0.000 0.000 0.000 0.000 0.000 0.000 0.000 0.000
243200.000 142.120 0.000 0.000 18688.000 10.921 748.000 0.437 0.000 0.000
256000.000 180.658 0.000 0.000 1024.000 0.723 0.000 0.000 0.000 0.000
243200.000 181.080 0.000 0.000 768.000 0.572 0.000 0.000 0.000 0.000
192000.000 146.013 25088.000 19.079 1024.000 0.779 0.000 0.000 1024.000 0.779
242432.000 184.136 0.000 0.000 1024.000 0.778 0.000 0.000 0.000 0.000
234304.000 177.343 0.000 0.000 768.000 0.581 0.000 0.000 0.000 0.000
227264.000 171.577 0.000 0.000 1024.000 0.773 0.000 0.000 0.000 0.000
218496.000 157.178 25088.000 18.047 1024.000 0.737 0.000 0.000 1024.000 0.737
242304.000 181.813 0.000 0.000 1024.000 0.768 0.000 0.000 0.000 0.000
1182528.000 167.288 50176.000 7.098 4864.000 0.688 0.000 0.000 2048.000 0.290
260032.000 190.394 0.000 0.000 1280.000 0.937 0.000 0.000 0.000 0.000
251712.000 188.796 0.000 0.000 768.000 0.576 0.000 0.000 0.000 0.000
331200.000 187.214 0.000 0.000 1280.000 0.724 0.000 0.000 0.000 0.000
203520.000 151.391 25088.000 18.662 1024.000 0.762 0.000 0.000 1024.000 0.762
247936.000 185.600 0.000 0.000 1024.000 0.767 0.000 0.000 0.000 0.000
250688.000 189.050 0.000 0.000 768.000 0.579 0.000 0.000 0.000 0.000
211968.000 152.147 25088.000 18.008 1280.000 0.919 0.000 0.000 1024.000 0.735
251712.000 188.707 0.000 0.000 768.000 0.576 0.000 0.000 0.000 0.000
248768.000 187.534 0.000 0.000 1024.000 0.772 0.000 0.000 0.000 0.000
1196160.000 172.677 50176.000 7.243 4864.000 0.702 0.000 0.000 2048.000 0.296
256000.000 187.558 0.000 0.000 1024.000 0.750 0.000 0.000 0.000 0.000
307904.000 188.830 0.000 0.000 1024.000 0.628 0.000 0.000 0.000 0.000
216832.000 151.697 12544.000 8.776 1024.000 0.716 0.000 0.000 1024.000 0.716
251712.000 187.484 12544.000 9.343 1024.000 0.763 0.000 0.000 0.000 0.000
251712.000 188.197 0.000 0.000 1024.000 0.766 0.000 0.000 0.000 0.000
250304.000 189.217 0.000 0.000 768.000 0.581 0.000 0.000 0.000 0.000
203712.000 150.345 25088.000 18.516 1280.000 0.945 0.000 0.000 1024.000 0.756
250816.000 187.576 0.000 0.000 768.000 0.574 0.000 0.000 0.000 0.000
249024.000 186.420 0.000 0.000 1024.000 0.767 0.000 0.000 0.000 0.000
238464.000 178.534 0.000 0.000 656.000 0.491 0.000 0.000 0.000 0.000
1974272.000 172.015 75264.000 6.558 0.000 0.000 0.000 0.000 3072.000 0.268
306048.000 183.585 0.000 0.000 0.000 0.000 0.000 0.000 0.000 0.000
205952.000 153.478 4200.000 3.130 0.000 0.000 0.000 0.000 768.000 0.572
230400.000 174.223 20880.000 15.789 0.000 0.000 0.000 0.000 256.000 0.194
238976.000 179.751 0.000 0.000 0.000 0.000 0.000 0.000 0.000 0.000
238208.000 179.967 0.000 0.000 0.000 0.000 0.000 0.000 0.000 0.000
191936.000 146.283 25088.000 19.121 0.000 0.000 0.000 0.000 1024.000 0.780
738880.000 133.436 25088.000 4.531 0.000 0.000 0.000 0.000 1024.000 0.185
232960.000 135.071 0.000 0.000 9104.000 5.279 300.000 0.174 0.000 0.000
369472.000 266.960 50176.000 36.254 0.000 0.000 0.000 0.000 2048.000 1.480
462528.000 346.261 25088.000 18.782 0.000 0.000 0.000 0.000 1536.000 1.150
2172544.000 187.061 275968.000 23.761 14560.000 1.254 2480.000 0.214 7296.000 0.628
117888.000 86.839 9408.000 6.930 0.000 0.000 0.000 0.000 384.000 0.283
