223232.000 39.008 0.000 0.000 21760.000 3.802 240.000 0.042 0.000 0.000
210688.000 151.320 28672.000 20.593 1024.000 0.735 0.000 0.000 512.000 0.368
187136.000 142.364 28672.000 21.812 512.000 0.390 0.000 0.000 512.000 0.390
197376.000 151.484 28672.000 22.005 1024.000 0.786 0.000 0.000 512.000 0.393
214656.000 154.139 28672.000 20.589 1024.000 0.735 0.000 0.000 512.000 0.368
207744.000 154.953 28672.000 21.386 1024.000 0.764 0.000 0.000 512.000 0.382
207104.000 156.132 28672.000 21.615 768.000 0.579 0.000 0.000 512.000 0.386
215040.000 164.181 0.000 0.000 1024.000 0.782 0.000 0.000 256.000 0.195
244224.000 187.039 28672.000 21.958 1024.000 0.784 0.000 0.000 256.000 0.196
201216.000 150.610 28672.000 21.461 1024.000 0.766 0.000 0.000 512.000 0.383
213888.000 161.555 28672.000 21.657 768.000 0.580 0.000 0.000 512.000 0.387
216192.000 156.060 28672.000 20.697 1024.000 0.739 0.000 0.000 512.000 0.370
205696.000 156.056 28672.000 21.753 1024.000 0.777 0.000 0.000 512.000 0.388
206720.000 158.135 28672.000 21.933 768.000 0.587 0.000 0.000 512.000 0.392
200704.000 151.429 28672.000 21.633 1024.000 0.773 0.000 0.000 512.000 0.386
231680.000 175.784 0.000 0.000 1024.000 0.777 0.000 0.000 256.000 0.194
230400.000 176.537 28672.000 21.969 1024.000 0.785 0.000 0.000 256.000 0.196
205184.000 154.461 28672.000 21.584 768.000 0.578 0.000 0.000 512.000 0.385
209536.000 159.094 28672.000 21.770 768.000 0.583 0.000 0.000 512.000 0.389
215040.000 154.657 28672.000 20.621 1024.000 0.736 0.000 0.000 512.000 0.368
212736.000 160.951 28672.000 21.693 1024.000 0.775 0.000 0.000 512.000 0.387
201984.000 153.752 28672.000 21.825 1024.000 0.779 0.000 0.000 512.000 0.390
199680.000 152.229 14336.000 10.929 1024.000 0.781 0.000 0.000 512.000 0.390
245760.000 183.661 14336.000 10.714 1024.000 0.765 0.000 0.000 0.000 0.000
215168.000 163.386 28672.000 21.772 1024.000 0.778 0.000 0.000 512.000 0.389
212608.000 162.854 28672.000 21.962 512.000 0.392 0.000 0.000 512.000 0.392
225920.000 157.642 28672.000 20.007 1024.000 0.715 0.000 0.000 512.000 0.357
206464.000 155.012 28672.000 21.527 1024.000 0.769 0.000 0.000 512.000 0.384
212736.000 159.945 28672.000 21.557 1024.000 0.770 0.000 0.000 512.000 0.385
201984.000 154.537 28672.000 21.937 1024.000 0.783 0.000 0.000 512.000 0.392
199680.000 152.789 14336.000 10.969 768.000 0.588 0.000 0.000 512.000 0.392
245760.000 188.928 14336.000 11.021 1024.000 0.787 0.000 0.000 0.000 0.000
215040.000 162.579 28672.000 21.677 1024.000 0.774 0.000 0.000 512.000 0.387
199680.000 151.421 28672.000 21.742 768.000 0.582 0.000 0.000 512.000 0.388
230272.000 165.285 28672.000 20.580 1024.000 0.735 0.000 0.000 512.000 0.368
199808.000 151.367 28672.000 21.721 1024.000 0.776 0.000 0.000 512.000 0.388
221696.000 159.028 28672.000 20.567 1024.000 0.735 0.000 0.000 512.000 0.367
208384.000 155.908 28672.000 21.452 768.000 0.575 0.000 0.000 512.000 0.383
199680.000 150.844 14336.000 10.830 1024.000 0.774 0.000 0.000 512.000 0.387
245760.000 186.020 14336.000 10.851 1024.000 0.775 0.000 0.000 0.000 0.000
217216.000 166.113 28672.000 21.927 1024.000 0.783 0.000 0.000 512.000 0.392
218496.000 158.282 28672.000 20.770 768.000 0.556 0.000 0.000 512.000 0.371
209408.000 156.512 28672.000 21.429 656.000 0.490 0.000 0.000 512.000 0.383
209280.000 159.318 28672.000 21.827 0.000 0.000 0.000 0.000 512.000 0.390
205440.000 157.027 28672.000 21.915 0.000 0.000 0.000 0.000 512.000 0.391
199680.000 152.286 28672.000 21.867 0.000 0.000 0.000 0.000 512.000 0.390
215040.000 161.315 9416.000 7.064 0.000 0.000 0.000 0.000 384.000 0.288
245760.000 179.065 19248.000 14.024 0.000 0.000 0.000 0.000 128.000 0.093
215040.000 163.884 28672.000 21.851 0.000 0.000 0.000 0.000 512.000 0.390
218752.000 158.154 28672.000 20.729 0.000 0.000 0.000 0.000 512.000 0.370
211328.000 160.317 28672.000 21.751 0.000 0.000 0.000 0.000 512.000 0.388
201088.000 151.719 28672.000 21.633 0.000 0.000 0.000 0.000 512.000 0.386
213632.000 162.368 28672.000 21.792 0.000 0.000 0.000 0.000 512.000 0.389
199680.000 153.053 28672.000 21.977 0.000 0.000 0.000 0.000 512.000 0.392
215040.000 164.128 0.000 0.000 0.000 0.000 0.000 0.000 256.000 0.195
245760.000 184.590 28672.000 21.536 0.000 0.000 0.000 0.000 256.000 0.192
215040.000 156.819 28672.000 20.909 0.000 0.000 0.000 0.000 512.000 0.373
200576.000 152.939 28672.000 21.862 0.000 0.000 0.000 0.000 512.000 0.390
210048.000 160.886 28672.000 21.961 0.000 0.000 0.000 0.000 512.000 0.392
213760.000 150.366 28672.000 20.169 0.000 0.000 0.000 0.000 512.000 0.360
201728.000 152.757 28672.000 21.712 0.000 0.000 0.000 0.000 512.000 0.388
187904.000 143.521 28672.000 21.900 0.000 0.000 0.000 0.000 512.000 0.391
202496.000 154.267 0.000 0.000 0.000 0.000 0.000 0.000 256.000 0.195
229504.000 176.512 28672.000 22.052 0.000 0.000 0.000 0.000 256.000 0.197
1920.000 1.178 28672.000 17.586 0.000 0.000 0.000 0.000 512.000 0.314
0.000 0.000 0.000 0.000 0.000 0.000 0.000 0.000 0.000 0.000
0.000 0.000 0.000 0.000 0.000 0.000 0.000 0.000 0.000 0.000
0.000 0.000 0.000 0.000 0.000 0.000 0.000 0.000 0.000 0.000
0.000 0.000 0.000 0.000 0.000 0.000 0.000 0.000 0.000 0.000
131072.000 93.886 0.000 0.000 20224.000 14.486 240.000 0.172 0.000 0.000
219136.000 154.983 28672.000 20.278 768.000 0.543 0.000 0.000 256.000 0.181
211584.000 157.027 28672.000 21.279 1024.000 0.760 0.000 0.000 256.000 0.190
199296.000 151.566 28672.000 21.805 1024.000 0.779 0.000 0.000 256.000 0.195
226048.000 156.787 28672.000 19.887 1024.000 0.710 0.000 0.000 256.000 0.178
215040.000 160.359 28672.000 21.381 768.000 0.573 0.000 0.000 256.000 0.191
215040.000 162.167 14184.000 10.697 1024.000 0.772 0.000 0.000 256.000 0.193
245760.000 188.289 14480.000 11.094 1024.000 0.785 0.000 0.000 0.000 0.000
215040.000 165.032 28672.000 22.004 768.000 0.589 0.000 0.000 256.000 0.196
228096.000 162.126 28672.000 20.379 1024.000 0.728 0.000 0.000 256.000 0.182
216064.000 163.221 28672.000 21.660 768.000 0.580 0.000 0.000 256.000 0.193
214016.000 162.558 28672.000 21.778 1024.000 0.778 0.000 0.000 256.000 0.194
207360.000 158.692 28672.000 21.943 768.000 0.588 0.000 0.000 256.000 0.196
209664.000 160.824 28672.000 21.993 1024.000 0.785 0.000 0.000 256.000 0.196
215040.000 160.976 28672.000 21.463 768.000 0.575 0.000 0.000 256.000 0.192
215040.000 163.213 14336.000 10.881 1024.000 0.777 0.000 0.000 256.000 0.194
245760.000 180.376 14336.000 10.522 1024.000 0.752 0.000 0.000 0.000 0.000
230400.000 175.032 28672.000 21.782 768.000 0.583 0.000 0.000 256.000 0.194
215040.000 161.562 28672.000 21.542 1024.000 0.769 0.000 0.000 256.000 0.192
215040.000 160.912 28672.000 21.455 768.000 0.575 0.000 0.000 256.000 0.192
230400.000 165.940 28672.000 20.650 1024.000 0.738 0.000 0.000 256.000 0.184
215040.000 163.450 28672.000 21.793 768.000 0.584 0.000 0.000 256.000 0.195
210176.000 160.268 28672.000 21.864 1024.000 0.781 0.000 0.000 256.000 0.195
1281536.000 165.461 143360.000 18.509 5376.000 0.694 0.000 0.000 1280.000 0.165
228608.000 165.641 28672.000 20.775 768.000 0.556 0.000 0.000 256.000 0.185
215040.000 164.684 28672.000 21.958 1024.000 0.784 0.000 0.000 256.000 0.196
204288.000 156.657 28672.000 21.987 768.000 0.589 0.000 0.000 256.000 0.196
241152.000 164.653 28672.000 19.577 1024.000 0.699 0.000 0.000 256.000 0.175
203648.000 154.823 26360.000 20.040 1024.000 0.778 0.000 0.000 256.000 0.195
241792.000 184.663 2304.000 1.760 1024.000 0.782 0.000 0.000 0.000 0.000
230400.000 177.897 28672.000 22.138 768.000 0.593 0.000 0.000 256.000 0.198
208384.000 158.041 28672.000 21.745 768.000 0.582 0.000 0.000 256.000 0.194
219392.000 165.205 28672.000 21.590 1024.000 0.771 0.000 0.000 256.000 0.193
205952.000 158.477 28672.000 22.063 768.000 0.591 0.000 0.000 256.000 0.197
226432.000 164.340 28672.000 20.810 1024.000 0.743 0.000 0.000 256.000 0.186
215040.000 162.428 28672.000 21.657 1024.000 0.773 0.000 0.000 256.000 0.193
215040.000 161.342 28672.000 21.512 656.000 0.492 0.000 0.000 256.000 0.192
203648.000 154.310 27752.000 21.029 0.000 0.000 0.000 0.000 256.000 0.194
241792.000 167.711 15248.000 10.576 0.000 0.000 0.000 0.000 256.000 0.178
245760.000 188.417 14336.000 10.991 0.000 0.000 0.000 0.000 0.000 0.000
220928.000 166.276 28672.000 21.579 0.000 0.000 0.000 0.000 256.000 0.193
239744.000 168.632 28672.000 20.167 0.000 0.000 0.000 0.000 256.000 0.180
215168.000 161.902 28672.000 21.574 0.000 0.000 0.000 0.000 256.000 0.193
208000.000 159.392 28672.000 21.972 0.000 0.000 0.000 0.000 256.000 0.196
206720.000 157.840 28672.000 21.892 0.000 0.000 0.000 0.000 256.000 0.195
217216.000 162.975 28672.000 21.512 0.000 0.000 0.000 0.000 256.000 0.192
212864.000 161.932 28672.000 21.812 0.000 0.000 0.000 0.000 256.000 0.195
199680.000 154.349 20024.000 15.478 0.000 0.000 0.000 0.000 256.000 0.198
245760.000 189.193 8640.000 6.651 0.000 0.000 0.000 0.000 0.000 0.000
245760.000 151.000 43008.000 26.425 0.000 0.000 0.000 0.000 512.000 0.315
245760.000 184.925 14336.000 10.787 0.000 0.000 0.000 0.000 0.000 0.000
218112.000 166.867 28672.000 21.936 0.000 0.000 0.000 0.000 256.000 0.196
211840.000 161.892 28672.000 21.912 0.000 0.000 0.000 0.000 256.000 0.196
206080.000 157.309 28672.000 21.887 0.000 0.000 0.000 0.000 256.000 0.195
202496.000 154.409 28672.000 21.863 0.000 0.000 0.000 0.000 256.000 0.195
202496.000 154.726 28672.000 21.908 0.000 0.000 0.000 0.000 256.000 0.196
205952.000 148.918 28672.000 20.732 0.000 0.000 0.000 0.000 256.000 0.185
170112.000 123.487 28672.000 20.813 0.000 0.000 0.000 0.000 256.000 0.186
