266240.000 218.845 12544.000 10.311 17056.000 14.020 296.000 0.243 512.000 0.421
532480.000 338.670 50176.000 31.913 0.000 0.000 0.000 0.000 1024.000 0.651
479232.000 346.356 37632.000 27.198 0.000 0.000 0.000 0.000 512.000 0.370
460736.000 337.944 50176.000 36.803 0.000 0.000 0.000 0.000 1024.000 0.751
463360.000 331.566 50176.000 35.904 0.000 0.000 0.000 0.000 1024.000 0.733
460352.000 332.502 37632.000 27.181 0.000 0.000 0.000 0.000 1024.000 0.740
532480.000 394.596 37632.000 27.887 0.000 0.000 0.000 0.000 768.000 0.569
439296.000 323.185 50176.000 36.914 0.000 0.000 0.000 0.000 768.000 0.565
501440.000 346.554 50176.000 34.678 0.000 0.000 0.000 0.000 1024.000 0.708
124224.000 78.336 25088.000 15.821 0.000 0.000 0.000 0.000 512.000 0.323
132736.000 86.532 0.000 0.000 17040.000 11.109 296.000 0.193 0.000 0.000
430976.000 312.028 50176.000 36.328 0.000 0.000 0.000 0.000 1024.000 0.741
501248.000 364.427 25088.000 18.240 0.000 0.000 0.000 0.000 768.000 0.558
467328.000 338.594 50176.000 36.354 0.000 0.000 0.000 0.000 768.000 0.556
462464.000 342.312 50176.000 37.140 0.000 0.000 0.000 0.000 1024.000 0.758
446016.000 304.377 50176.000 34.242 0.000 0.000 0.000 0.000 1024.000 0.699
487872.000 362.302 37632.000 27.946 0.000 0.000 0.000 0.000 1024.000 0.760
514816.000 358.647 37632.000 26.216 0.000 0.000 0.000 0.000 512.000 0.357
464896.000 341.449 50176.000 36.852 0.000 0.000 0.000 0.000 1024.000 0.752
351488.000 251.896 50176.000 35.959 0.000 0.000 0.000 0.000 1024.000 0.734
0.000 0.000 0.000 0.000 0.000 0.000 0.000 0.000 0.000 0.000
0.000 0.000 0.000 0.000 0.000 0.000 0.000 0.000 0.000 0.000
0.000 0.000 15680.000 10.357 5728.000 3.784 36.000 0.024 266496.000 176.028
0.000 0.000 21952.000 15.349 0.000 0.000 0.000 0.000 345856.000 241.818
0.000 0.000 21952.000 15.479 0.000 0.000 0.000 0.000 354560.000 250.004
0.000 0.000 21952.000 15.487 0.000 0.000 0.000 0.000 359808.000 253.849
0.000 0.000 18816.000 12.139 0.000 0.000 0.000 0.000 278912.000 179.936
266240.000 180.889 25088.000 17.045 1088.000 0.739 576.000 0.391 512.000 0.348
0.000 0.000 6272.000 4.164 1504.000 0.998 36.000 0.024 100352.000 66.621
