65760.000 7.677 0.000 0.000 8848.000 1.033 360.000 0.042 0.000 0.000
155840.000 112.188 75264.000 54.182 0.000 0.000 0.000 0.000 768.000 0.553
176608.000 125.513 50176.000 35.659 0.000 0.000 0.000 0.000 640.000 0.455
168960.000 129.023 75264.000 57.474 0.000 0.000 0.000 0.000 640.000 0.489
168960.000 123.667 50176.000 36.725 0.000 0.000 0.000 0.000 640.000 0.468
166224.000 125.744 75264.000 56.935 0.000 0.000 0.000 0.000 640.000 0.484
164400.000 125.671 50176.000 38.356 0.000 0.000 0.000 0.000 640.000 0.489
0.000 0.000 25088.000 16.941 0.000 0.000 0.000 0.000 128.000 0.086
0.000 0.000 0.000 0.000 0.000 0.000 0.000 0.000 0.000 0.000
533376.000 82.018 175616.000 27.005 8848.000 1.361 364.000 0.056 1920.000 0.295
202752.000 133.537 75264.000 49.571 0.000 0.000 0.000 0.000 640.000 0.422
133344.000 100.324 64512.000 48.537 0.000 0.000 0.000 0.000 768.000 0.578
197280.000 150.360 60928.000 46.437 0.000 0.000 0.000 0.000 512.000 0.390
552960.000 72.210 512512.000 66.928 10144.000 1.325 224.000 0.029 4736.000 0.618
153600.000 111.888 143360.000 104.429 0.000 0.000 0.000 0.000 1280.000 0.932
153600.000 114.248 143360.000 106.632 0.000 0.000 0.000 0.000 1280.000 0.952
0.000 0.000 28672.000 17.834 0.000 0.000 0.000 0.000 128.000 0.080
120448.000 77.285 86016.000 55.192 5072.000 3.254 112.000 0.072 896.000 0.575
144256.000 106.511 143360.000 105.849 0.000 0.000 0.000 0.000 1152.000 0.851
137216.000 103.046 141776.000 106.470 0.000 0.000 0.000 0.000 1280.000 0.961
28160.000 18.395 30248.000 19.759 0.000 0.000 0.000 0.000 256.000 0.167
108416.000 74.092 86016.000 58.783 5072.000 3.466 112.000 0.077 768.000 0.525
141696.000 105.057 143360.000 106.291 0.000 0.000 0.000 0.000 1280.000 0.949
169856.000 118.605 143360.000 100.104 0.000 0.000 0.000 0.000 1280.000 0.894
10112.000 6.571 28672.000 18.631 0.000 0.000 0.000 0.000 256.000 0.166
226944.000 155.191 28672.000 19.607 3504.000 2.396 240.000 0.164 512.000 0.350
312576.000 214.878 57344.000 39.421 0.000 0.000 0.000 0.000 1024.000 0.704
92800.000 65.394 86016.000 60.613 2384.000 1.680 176.000 0.124 1792.000 1.263
73728.000 53.995 129024.000 94.492 0.000 0.000 0.000 0.000 2048.000 1.500
0.000 0.000 0.000 0.000 0.000 0.000 0.000 0.000 0.000 0.000
0.000 0.000 3584.000 2.243 14592.000 9.131 36.000 0.023 91776.000 57.429
0.000 0.000 17472.000 12.215 5216.000 3.647 0.000 0.000 418944.000 292.902
0.000 0.000 18368.000 12.996 0.000 0.000 0.000 0.000 432512.000 306.017
56640.000 39.346 10752.000 7.469 1440.000 1.000 800.000 0.556 246656.000 171.344
124608.000 92.933 50176.000 37.422 0.000 0.000 0.000 0.000 512.000 0.382
169920.000 126.749 25088.000 18.714 1424.000 1.062 800.000 0.597 256.000 0.191
135936.000 91.980 50176.000 33.951 1424.000 0.964 800.000 0.541 512.000 0.346
122048.000 90.400 56448.000 41.811 736.000 0.545 128.000 0.095 1536.000 1.138
155376.000 106.916 7840.000 5.395 3168.000 2.180 1788.000 1.230 125440.000 86.317
321104.000 222.340 15680.000 10.857 0.000 0.000 0.000 0.000 1280.000 0.886
