210048.000 128.922 0.000 0.000 18432.000 11.313 744.000 0.457 0.000 0.000
353152.000 181.057 0.000 0.000 1280.000 0.656 0.000 0.000 0.000 0.000
256000.000 155.253 12544.000 7.607 1024.000 0.621 0.000 0.000 512.000 0.311
338176.000 182.024 12544.000 6.752 1536.000 0.827 0.000 0.000 0.000 0.000
276224.000 182.494 0.000 0.000 1024.000 0.677 0.000 0.000 0.000 0.000
204800.000 148.215 14568.000 10.543 768.000 0.556 0.000 0.000 512.000 0.371
256000.000 186.514 10512.000 7.659 1024.000 0.746 0.000 0.000 0.000 0.000
3714048.000 176.583 100352.000 4.771 14848.000 0.706 0.000 0.000 2048.000 0.097
215104.000 154.518 25088.000 18.022 768.000 0.552 0.000 0.000 512.000 0.368
317760.000 189.463 0.000 0.000 1536.000 0.916 0.000 0.000 0.000 0.000
3328512.000 178.538 100352.000 5.383 11664.000 0.626 0.000 0.000 2048.000 0.110
267392.000 188.009 0.000 0.000 0.000 0.000 0.000 0.000 0.000 0.000
256192.000 185.724 0.000 0.000 0.000 0.000 0.000 0.000 0.000 0.000
210176.000 154.242 25088.000 18.411 0.000 0.000 0.000 0.000 512.000 0.376
248256.000 181.741 0.000 0.000 0.000 0.000 0.000 0.000 0.000 0.000
247808.000 180.501 0.000 0.000 0.000 0.000 0.000 0.000 0.000 0.000
2179264.000 171.655 75264.000 5.928 0.000 0.000 0.000 0.000 1536.000 0.121
457536.000 79.629 25088.000 4.366 0.000 0.000 0.000 0.000 512.000 0.089
337728.000 225.632 0.000 0.000 13584.000 9.075 1416.000 0.946 0.000 0.000
1431680.000 267.466 25088.000 4.687 0.000 0.000 0.000 0.000 1024.000 0.191
523968.000 279.578 0.000 0.000 0.000 0.000 0.000 0.000 0.000 0.000
437184.000 291.487 0.000 0.000 0.000 0.000 0.000 0.000 0.000 0.000
447552.000 279.839 0.000 0.000 0.000 0.000 0.000 0.000 0.000 0.000
3109952.000 284.296 50176.000 4.587 0.000 0.000 0.000 0.000 2048.000 0.187
93504.000 60.919 25088.000 16.345 0.000 0.000 0.000 0.000 1024.000 0.667
0.000 0.000 0.000 0.000 0.000 0.000 0.000 0.000 0.000 0.000
192000.000 44.475 0.000 0.000 1088.000 0.252 688.000 0.159 0.000 0.000
90624.000 65.918 31360.000 22.811 0.000 0.000 0.000 0.000 640.000 0.466
0.000 0.000 0.000 0.000 0.000 0.000 0.000 0.000 0.000 0.000
0.000 0.000 0.000 0.000 0.000 0.000 0.000 0.000 0.000 0.000
0.000 0.000 0.000 0.000 0.000 0.000 0.000 0.000 0.000 0.000
0.000 0.000 0.000 0.000 0.000 0.000 0.000 0.000 0.000 0.000
0.000 0.000 0.000 0.000 0.000 0.000 0.000 0.000 0.000 0.000
0.000 0.000 0.000 0.000 0.000 0.000 0.000 0.000 0.000 0.000
586240.000 78.914 62720.000 8.443 2576.000 0.347 1808.000 0.243 1280.000 0.172
