450432.000 58.395 50176.000 6.505 6288.000 0.815 800.000 0.104 512.000 0.066
206592.000 141.263 25088.000 17.155 0.000 0.000 0.000 0.000 256.000 0.175
181248.000 139.841 25088.000 19.357 0.000 0.000 0.000 0.000 256.000 0.198
169920.000 134.058 25088.000 19.793 0.000 0.000 0.000 0.000 256.000 0.202
79296.000 55.536 25088.000 17.571 0.000 0.000 0.000 0.000 256.000 0.179
0.000 0.000 0.000 0.000 2208.000 1.286 0.000 0.000 1280.000 0.745
0.000 0.000 18816.000 13.266 0.000 0.000 36.000 0.025 345088.000 243.308
31744.000 22.199 18816.000 13.159 704.000 0.492 352.000 0.246 255744.000 178.848
155648.000 112.151 87808.000 63.270 1488.000 1.072 576.000 0.415 2048.000 1.476
200832.000 139.897 0.000 0.000 10768.000 7.501 1140.000 0.794 0.000 0.000
251328.000 187.673 0.000 0.000 0.000 0.000 0.000 0.000 0.000 0.000
212704.000 160.619 18816.000 14.208 0.000 0.000 0.000 0.000 768.000 0.580
275296.000 190.179 0.000 0.000 0.000 0.000 0.000 0.000 0.000 0.000
215808.000 160.796 18816.000 14.020 0.000 0.000 0.000 0.000 768.000 0.572
256960.000 190.127 0.000 0.000 0.000 0.000 0.000 0.000 0.000 0.000
215424.000 161.180 18816.000 14.078 0.000 0.000 0.000 0.000 768.000 0.575
255680.000 190.221 0.000 0.000 0.000 0.000 0.000 0.000 0.000 0.000
95424.000 65.509 18816.000 12.917 10768.000 7.392 1140.000 0.783 768.000 0.527
255744.000 188.858 0.000 0.000 0.000 0.000 0.000 0.000 0.000 0.000
216512.000 162.059 18816.000 14.084 0.000 0.000 0.000 0.000 768.000 0.575
296704.000 189.223 0.000 0.000 0.000 0.000 0.000 0.000 0.000 0.000
215744.000 161.515 18816.000 14.086 0.000 0.000 0.000 0.000 768.000 0.575
254112.000 188.209 0.000 0.000 0.000 0.000 0.000 0.000 0.000 0.000
218144.000 163.629 18816.000 14.114 0.000 0.000 0.000 0.000 768.000 0.576
251200.000 187.496 0.000 0.000 0.000 0.000 0.000 0.000 0.000 0.000
170816.000 125.004 18816.000 13.770 0.000 0.000 0.000 0.000 768.000 0.562
124416.000 81.119 12544.000 8.179 704.000 0.459 296.000 0.193 512.000 0.334
