1235104.000 129.489 75712.000 7.938 33936.000 3.558 336.000 0.035 1792.000 0.188
871744.000 244.695 54080.000 15.180 0.000 0.000 0.000 0.000 1280.000 0.359
330272.000 248.564 18928.000 14.245 0.000 0.000 0.000 0.000 512.000 0.385
338528.000 259.115 18928.000 14.488 0.000 0.000 0.000 0.000 384.000 0.294
9632.000 7.536 5408.000 4.231 0.000 0.000 0.000 0.000 128.000 0.100
0.000 0.000 0.000 0.000 0.000 0.000 0.000 0.000 0.000 0.000
0.000 0.000 0.000 0.000 0.000 0.000 0.000 0.000 0.000 0.000
1041920.000 134.686 56992.000 7.367 38400.000 4.964 32.000 0.004 1408.000 0.182
285824.000 214.439 18720.000 14.045 5376.000 4.033 0.000 0.000 384.000 0.288
288416.000 211.226 16224.000 11.882 5632.000 4.125 0.000 0.000 384.000 0.281
295744.000 211.145 16224.000 11.583 5888.000 4.204 0.000 0.000 384.000 0.274
285664.000 222.089 16224.000 12.613 3216.000 2.500 0.000 0.000 384.000 0.299
287952.000 223.855 16224.000 12.613 0.000 0.000 0.000 0.000 384.000 0.299
288416.000 227.128 16224.000 12.776 0.000 0.000 0.000 0.000 384.000 0.302
257104.000 203.052 16224.000 12.813 0.000 0.000 0.000 0.000 384.000 0.303
0.000 0.000 0.000 0.000 0.000 0.000 0.000 0.000 0.000 0.000
0.000 0.000 0.000 0.000 0.000 0.000 0.000 0.000 0.000 0.000
0.000 0.000 0.000 0.000 0.000 0.000 0.000 0.000 0.000 0.000
1216432.000 157.759 64896.000 8.416 41728.000 5.412 32.000 0.004 1536.000 0.199
289536.000 216.720 16224.000 12.144 5376.000 4.024 0.000 0.000 384.000 0.287
285456.000 207.205 16224.000 11.777 5632.000 4.088 0.000 0.000 384.000 0.279
284160.000 217.932 16224.000 12.443 5376.000 4.123 0.000 0.000 384.000 0.295
292416.000 225.661 16224.000 12.520 400.000 0.309 0.000 0.000 448.000 0.346
284160.000 221.458 16536.000 12.887 0.000 0.000 0.000 0.000 448.000 0.349
287952.000 224.810 21312.000 16.639 0.000 0.000 0.000 0.000 384.000 0.300
90928.000 71.838 5408.000 4.273 0.000 0.000 0.000 0.000 128.000 0.101
0.000 0.000 0.000 0.000 0.000 0.000 0.000 0.000 0.000 0.000
0.000 0.000 0.000 0.000 0.000 0.000 0.000 0.000 0.000 0.000
1083024.000 140.238 59488.000 7.703 39168.000 5.072 32.000 0.004 1408.000 0.182
288000.000 215.650 16224.000 12.148 5632.000 4.217 0.000 0.000 384.000 0.288
273856.000 208.818 16224.000 12.371 5120.000 3.904 0.000 0.000 384.000 0.293
299376.000 214.970 16224.000 11.650 5888.000 4.228 0.000 0.000 384.000 0.276
286704.000 223.073 16224.000 12.623 2704.000 2.104 0.000 0.000 384.000 0.299
288416.000 225.656 16224.000 12.694 0.000 0.000 0.000 0.000 384.000 0.300
287952.000 226.605 16224.000 12.768 0.000 0.000 0.000 0.000 384.000 0.302
223712.000 175.264 16224.000 12.710 0.000 0.000 0.000 0.000 384.000 0.301
