186496.000 154.133 28672.000 23.696 18960.000 15.670 176.000 0.145 512.000 0.423
403328.000 292.051 57344.000 41.523 0.000 0.000 0.000 0.000 1280.000 0.927
299648.000 223.142 83616.000 62.267 0.000 0.000 0.000 0.000 1280.000 0.953
380544.000 288.639 59736.000 45.309 0.000 0.000 0.000 0.000 1024.000 0.777
352000.000 266.469 57344.000 43.410 0.000 0.000 0.000 0.000 1280.000 0.969
348032.000 242.841 86016.000 60.018 0.000 0.000 0.000 0.000 1280.000 0.893
389248.000 294.892 57344.000 43.443 0.000 0.000 0.000 0.000 1280.000 0.970
298240.000 222.284 83048.000 61.897 0.000 0.000 0.000 0.000 1280.000 0.954
380800.000 289.533 60304.000 45.851 0.000 0.000 0.000 0.000 1024.000 0.779
353152.000 254.792 71680.000 51.716 0.000 0.000 0.000 0.000 1536.000 1.108
332928.000 250.495 71680.000 53.932 0.000 0.000 0.000 0.000 1024.000 0.770
404352.000 309.545 57344.000 43.899 0.000 0.000 0.000 0.000 1280.000 0.980
0.000 0.000 28672.000 17.787 0.000 0.000 0.000 0.000 256.000 0.159
0.000 0.000 0.000 0.000 0.000 0.000 0.000 0.000 0.000 0.000
64640.000 42.400 0.000 0.000 18960.000 12.437 176.000 0.115 0.000 0.000
377728.000 277.766 57344.000 42.168 0.000 0.000 0.000 0.000 1024.000 0.753
294912.000 218.659 71680.000 53.146 0.000 0.000 0.000 0.000 1536.000 1.139
431104.000 311.273 71680.000 51.756 0.000 0.000 0.000 0.000 1024.000 0.739
306176.000 226.980 58728.000 43.537 0.000 0.000 0.000 0.000 1536.000 1.139
375296.000 267.242 84624.000 60.259 0.000 0.000 0.000 0.000 1024.000 0.729
361984.000 271.991 57344.000 43.088 0.000 0.000 0.000 0.000 1280.000 0.962
297344.000 222.513 81336.000 60.867 0.000 0.000 0.000 0.000 1280.000 0.958
422400.000 323.770 62016.000 47.535 0.000 0.000 0.000 0.000 1024.000 0.785
312448.000 234.286 57344.000 42.999 0.000 0.000 0.000 0.000 1280.000 0.960
343808.000 263.208 86016.000 65.851 0.000 0.000 0.000 0.000 1280.000 0.980
393472.000 294.403 57344.000 42.906 0.000 0.000 0.000 0.000 1024.000 0.766
147456.000 92.928 57344.000 36.139 0.000 0.000 0.000 0.000 1024.000 0.645
0.000 0.000 0.000 0.000 0.000 0.000 0.000 0.000 0.000 0.000
0.000 0.000 0.000 0.000 0.000 0.000 0.000 0.000 0.000 0.000
294912.000 212.885 28672.000 20.697 18960.000 13.686 176.000 0.127 768.000 0.554
326912.000 247.191 86016.000 65.040 0.000 0.000 0.000 0.000 1280.000 0.968
390144.000 291.144 57344.000 42.793 0.000 0.000 0.000 0.000 1024.000 0.764
315136.000 234.022 57344.000 42.584 0.000 0.000 0.000 0.000 1280.000 0.951
403456.000 285.168 86016.000 60.797 0.000 0.000 0.000 0.000 1280.000 0.905
333824.000 244.612 57344.000 42.019 0.000 0.000 0.000 0.000 1280.000 0.938
332672.000 254.884 86016.000 65.903 0.000 0.000 0.000 0.000 1280.000 0.981
404608.000 284.871 57344.000 40.374 0.000 0.000 0.000 0.000 1024.000 0.721
294912.000 218.374 71680.000 53.077 0.000 0.000 0.000 0.000 1536.000 1.137
408064.000 309.177 71680.000 54.310 0.000 0.000 0.000 0.000 1024.000 0.776
329216.000 244.619 57344.000 42.609 0.000 0.000 0.000 0.000 1280.000 0.951
294912.000 223.844 86016.000 65.288 0.000 0.000 0.000 0.000 1280.000 0.972
0.000 0.000 0.000 0.000 0.000 0.000 0.000 0.000 0.000 0.000
0.000 0.000 0.000 0.000 0.000 0.000 0.000 0.000 0.000 0.000
290304.000 198.663 14336.000 9.811 5968.000 4.084 288.000 0.197 4096.000 2.803
354048.000 264.539 43008.000 32.135 0.000 0.000 0.000 0.000 12288.000 9.181
399744.000 304.395 28672.000 21.833 0.000 0.000 0.000 0.000 8192.000 6.238
407424.000 308.470 43008.000 32.562 0.000 0.000 0.000 0.000 12288.000 9.304
304016.000 225.965 43008.000 31.966 0.000 0.000 0.000 0.000 12288.000 9.133
436592.000 310.669 28672.000 20.402 0.000 0.000 0.000 0.000 8192.000 5.829
1872128.000 240.143 200704.000 25.745 0.000 0.000 0.000 0.000 57344.000 7.356
80896.000 46.995 0.000 0.000 18064.000 10.494 300.000 0.174 0.000 0.000
451584.000 326.936 25088.000 18.163 0.000 0.000 0.000 0.000 1536.000 1.112
449920.000 335.982 50176.000 37.469 0.000 0.000 0.000 0.000 1536.000 1.147
370688.000 275.459 50176.000 37.286 0.000 0.000 0.000 0.000 2048.000 1.522
510592.000 381.426 25088.000 18.741 0.000 0.000 0.000 0.000 1536.000 1.147
408320.000 307.255 50176.000 37.757 0.000 0.000 0.000 0.000 1536.000 1.156
402752.000 302.630 50176.000 37.703 0.000 0.000 0.000 0.000 2048.000 1.539
520128.000 370.414 25088.000 17.867 0.000 0.000 0.000 0.000 1536.000 1.094
415616.000 306.411 50176.000 36.992 0.000 0.000 0.000 0.000 1536.000 1.132
479488.000 328.497 50176.000 34.376 0.000 0.000 0.000 0.000 2048.000 1.403
169856.000 116.125 25088.000 17.152 0.000 0.000 0.000 0.000 1024.000 0.700
36416.000 24.030 0.000 0.000 18064.000 11.920 300.000 0.198 0.000 0.000
482560.000 349.991 25088.000 18.196 0.000 0.000 0.000 0.000 1024.000 0.743
399360.000 297.116 50176.000 37.330 0.000 0.000 0.000 0.000 2048.000 1.524
420736.000 281.936 50176.000 33.623 0.000 0.000 0.000 0.000 2048.000 1.372
524608.000 385.480 25088.000 18.435 0.000 0.000 0.000 0.000 1024.000 0.752
397824.000 297.278 50176.000 37.495 0.000 0.000 0.000 0.000 2048.000 1.530
408704.000 301.155 50176.000 36.972 0.000 0.000 0.000 0.000 2048.000 1.509
524672.000 395.358 25088.000 18.905 0.000 0.000 0.000 0.000 1024.000 0.772
379008.000 282.646 50176.000 37.419 0.000 0.000 0.000 0.000 2048.000 1.527
425856.000 320.132 50176.000 37.719 0.000 0.000 0.000 0.000 2048.000 1.540
260096.000 183.311 25088.000 17.682 0.000 0.000 0.000 0.000 1024.000 0.722
48768.000 25.765 0.000 0.000 18064.000 9.543 300.000 0.158 0.000 0.000
483712.000 320.958 25416.000 16.864 0.000 0.000 0.000 0.000 1536.000 1.019
463872.000 342.733 49840.000 36.824 0.000 0.000 0.000 0.000 1536.000 1.135
371264.000 275.190 50176.000 37.192 0.000 0.000 0.000 0.000 2048.000 1.518
496064.000 371.960 25088.000 18.812 0.000 0.000 0.000 0.000 1536.000 1.152
417792.000 315.096 50176.000 37.842 0.000 0.000 0.000 0.000 1536.000 1.158
408000.000 305.771 50176.000 37.604 0.000 0.000 0.000 0.000 2048.000 1.535
505408.000 342.503 37632.000 25.502 0.000 0.000 0.000 0.000 2048.000 1.388
458176.000 337.460 37632.000 27.717 0.000 0.000 0.000 0.000 1024.000 0.754
420416.000 316.164 50176.000 37.734 0.000 0.000 0.000 0.000 2048.000 1.540
186368.000 127.660 25088.000 17.185 0.000 0.000 0.000 0.000 1024.000 0.701
23808.000 15.845 0.000 0.000 18064.000 12.022 300.000 0.200 0.000 0.000
489728.000 352.591 25088.000 18.063 0.000 0.000 0.000 0.000 1024.000 0.737
403072.000 299.762 50176.000 37.316 0.000 0.000 0.000 0.000 2048.000 1.523
423872.000 281.903 50176.000 33.370 0.000 0.000 0.000 0.000 2048.000 1.362
523200.000 387.111 25088.000 18.562 0.000 0.000 0.000 0.000 1024.000 0.758
398336.000 298.952 50176.000 37.657 0.000 0.000 0.000 0.000 2048.000 1.537
433664.000 306.856 50176.000 35.504 0.000 0.000 0.000 0.000 2048.000 1.449
499200.000 374.719 25088.000 18.832 0.000 0.000 0.000 0.000 1536.000 1.153
410304.000 304.723 50176.000 37.265 0.000 0.000 0.000 0.000 1536.000 1.141
423360.000 318.692 50176.000 37.771 0.000 0.000 0.000 0.000 2048.000 1.542
231296.000 150.630 25088.000 16.338 0.000 0.000 0.000 0.000 1024.000 0.667
0.000 0.000 0.000 0.000 0.000 0.000 0.000 0.000 0.000 0.000
51200.000 36.922 0.000 0.000 17920.000 12.923 748.000 0.539 0.000 0.000
243200.000 178.355 0.000 0.000 1024.000 0.751 0.000 0.000 0.000 0.000
245888.000 181.331 0.000 0.000 768.000 0.566 0.000 0.000 0.000 0.000
252416.000 184.387 0.000 0.000 1024.000 0.748 0.000 0.000 0.000 0.000
192896.000 144.121 25088.000 18.744 1024.000 0.765 0.000 0.000 1024.000 0.765
270720.000 180.440 0.000 0.000 1024.000 0.683 0.000 0.000 0.000 0.000
248832.000 183.145 0.000 0.000 1024.000 0.754 0.000 0.000 0.000 0.000
197248.000 146.919 25088.000 18.687 1024.000 0.763 0.000 0.000 1024.000 0.763
243200.000 180.407 0.000 0.000 1024.000 0.760 0.000 0.000 0.000 0.000
243200.000 181.474 0.000 0.000 768.000 0.573 0.000 0.000 0.000 0.000
243200.000 180.537 0.000 0.000 1024.000 0.760 0.000 0.000 0.000 0.000
196096.000 146.703 25088.000 18.769 1024.000 0.766 0.000 0.000 1024.000 0.766
277888.000 179.681 0.000 0.000 1024.000 0.662 0.000 0.000 0.000 0.000
244736.000 181.039 0.000 0.000 1024.000 0.757 0.000 0.000 0.000 0.000
202496.000 151.761 25088.000 18.802 1024.000 0.767 0.000 0.000 1024.000 0.767
251200.000 186.037 0.000 0.000 1024.000 0.758 0.000 0.000 0.000 0.000
254272.000 189.019 0.000 0.000 768.000 0.571 0.000 0.000 0.000 0.000
258688.000 185.276 0.000 0.000 1024.000 0.733 0.000 0.000 0.000 0.000
206016.000 153.639 25088.000 18.710 1024.000 0.764 0.000 0.000 1024.000 0.764
251712.000 187.315 0.000 0.000 1024.000 0.762 0.000 0.000 0.000 0.000
278208.000 186.117 0.000 0.000 1024.000 0.685 0.000 0.000 0.000 0.000
204928.000 151.646 25088.000 18.565 1024.000 0.758 0.000 0.000 1024.000 0.758
257216.000 189.693 0.000 0.000 1024.000 0.755 0.000 0.000 0.000 0.000
252608.000 186.915 0.000 0.000 768.000 0.568 0.000 0.000 0.000 0.000
252352.000 187.685 0.000 0.000 1024.000 0.762 0.000 0.000 0.000 0.000
201856.000 149.768 25088.000 18.614 1024.000 0.760 0.000 0.000 1024.000 0.760
252864.000 186.706 0.000 0.000 1024.000 0.756 0.000 0.000 0.000 0.000
272768.000 189.550 0.000 0.000 768.000 0.534 0.000 0.000 0.000 0.000
201664.000 149.597 25088.000 18.611 1280.000 0.950 0.000 0.000 1024.000 0.760
253952.000 188.325 0.000 0.000 768.000 0.570 0.000 0.000 0.000 0.000
251392.000 186.341 0.000 0.000 1024.000 0.759 0.000 0.000 0.000 0.000
255360.000 189.188 0.000 0.000 768.000 0.569 0.000 0.000 0.000 0.000
239872.000 156.719 25088.000 16.391 1280.000 0.836 0.000 0.000 1024.000 0.669
254400.000 187.457 0.000 0.000 1024.000 0.755 0.000 0.000 0.000 0.000
280000.000 188.007 0.000 0.000 1024.000 0.688 0.000 0.000 0.000 0.000
203136.000 150.496 25088.000 18.587 1024.000 0.759 0.000 0.000 1024.000 0.759
256576.000 187.903 0.000 0.000 1024.000 0.750 0.000 0.000 0.000 0.000
255680.000 188.523 0.000 0.000 768.000 0.566 0.000 0.000 0.000 0.000
211968.000 156.342 12544.000 9.252 656.000 0.484 0.000 0.000 1024.000 0.755
241856.000 180.869 12544.000 9.381 0.000 0.000 0.000 0.000 0.000 0.000
255040.000 188.833 0.000 0.000 0.000 0.000 0.000 0.000 0.000 0.000
263168.000 186.733 0.000 0.000 0.000 0.000 0.000 0.000 0.000 0.000
203008.000 149.440 25088.000 18.468 0.000 0.000 0.000 0.000 1024.000 0.754
244544.000 180.219 0.000 0.000 0.000 0.000 0.000 0.000 0.000 0.000
245824.000 182.028 0.000 0.000 0.000 0.000 0.000 0.000 0.000 0.000
213632.000 158.740 0.000 0.000 0.000 0.000 0.000 0.000 512.000 0.380
230400.000 171.384 25088.000 18.662 0.000 0.000 0.000 0.000 512.000 0.381
243200.000 180.795 0.000 0.000 0.000 0.000 0.000 0.000 0.000 0.000
243200.000 180.616 0.000 0.000 0.000 0.000 0.000 0.000 0.000 0.000
212864.000 149.199 25088.000 17.585 0.000 0.000 0.000 0.000 1024.000 0.718
247936.000 182.833 0.000 0.000 0.000 0.000 0.000 0.000 0.000 0.000
243200.000 179.750 0.000 0.000 0.000 0.000 0.000 0.000 0.000 0.000
217600.000 161.925 0.000 0.000 0.000 0.000 0.000 0.000 512.000 0.381
223488.000 165.606 25088.000 18.590 0.000 0.000 0.000 0.000 512.000 0.379
275712.000 179.838 0.000 0.000 0.000 0.000 0.000 0.000 0.000 0.000
246464.000 180.561 0.000 0.000 0.000 0.000 0.000 0.000 0.000 0.000
73536.000 47.406 25088.000 16.173 0.000 0.000 0.000 0.000 1024.000 0.660
0.000 0.000 0.000 0.000 0.000 0.000 0.000 0.000 0.000 0.000
92544.000 66.700 0.000 0.000 18176.000 13.100 748.000 0.539 0.000 0.000
248704.000 181.727 0.000 0.000 768.000 0.561 0.000 0.000 0.000 0.000
247040.000 182.899 0.000 0.000 1024.000 0.758 0.000 0.000 0.000 0.000
230912.000 171.470 0.000 0.000 768.000 0.570 0.000 0.000 0.000 0.000
206400.000 153.060 25088.000 18.605 1280.000 0.949 0.000 0.000 1024.000 0.759
262592.000 182.801 0.000 0.000 1024.000 0.713 0.000 0.000 0.000 0.000
245120.000 181.921 0.000 0.000 768.000 0.570 0.000 0.000 0.000 0.000
194560.000 144.750 25088.000 18.665 1024.000 0.762 0.000 0.000 1024.000 0.762
246464.000 180.866 0.000 0.000 1024.000 0.751 0.000 0.000 0.000 0.000
252736.000 184.561 0.000 0.000 1024.000 0.748 0.000 0.000 0.000 0.000
230400.000 169.036 0.000 0.000 768.000 0.563 0.000 0.000 0.000 0.000
209664.000 156.314 25088.000 18.704 1280.000 0.954 0.000 0.000 1024.000 0.763
255616.000 180.695 0.000 0.000 768.000 0.543 0.000 0.000 0.000 0.000
251520.000 183.003 0.000 0.000 1024.000 0.745 0.000 0.000 0.000 0.000
199168.000 148.230 25088.000 18.672 1024.000 0.762 0.000 0.000 1024.000 0.762
255168.000 187.464 0.000 0.000 1024.000 0.752 0.000 0.000 0.000 0.000
257472.000 189.711 0.000 0.000 1024.000 0.755 0.000 0.000 0.000 0.000
238464.000 175.391 0.000 0.000 768.000 0.565 0.000 0.000 0.000 0.000
215360.000 160.727 25088.000 18.724 1024.000 0.764 0.000 0.000 1024.000 0.764
256448.000 189.281 0.000 0.000 1024.000 0.756 0.000 0.000 0.000 0.000
270080.000 187.657 0.000 0.000 1024.000 0.711 0.000 0.000 0.000 0.000
238208.000 157.175 25088.000 16.554 1280.000 0.845 0.000 0.000 1024.000 0.676
251968.000 184.497 0.000 0.000 768.000 0.562 0.000 0.000 0.000 0.000
251712.000 186.379 0.000 0.000 1024.000 0.758 0.000 0.000 0.000 0.000
211968.000 157.710 12544.000 9.333 768.000 0.571 0.000 0.000 1024.000 0.762
253312.000 182.163 12544.000 9.021 1280.000 0.920 0.000 0.000 0.000 0.000
256832.000 188.089 0.000 0.000 768.000 0.562 0.000 0.000 0.000 0.000
281024.000 188.763 0.000 0.000 1024.000 0.688 0.000 0.000 0.000 0.000
208256.000 151.933 25088.000 18.303 1280.000 0.934 0.000 0.000 1024.000 0.747
255680.000 187.670 0.000 0.000 768.000 0.564 0.000 0.000 0.000 0.000
255168.000 188.355 0.000 0.000 1024.000 0.756 0.000 0.000 0.000 0.000
202304.000 149.976 25088.000 18.599 1024.000 0.759 0.000 0.000 1024.000 0.759
252800.000 186.865 0.000 0.000 1024.000 0.757 0.000 0.000 0.000 0.000
257088.000 189.530 0.000 0.000 768.000 0.566 0.000 0.000 0.000 0.000
1314752.000 174.382 50176.000 6.655 4496.000 0.596 0.000 0.000 2048.000 0.272
260736.000 189.147 0.000 0.000 0.000 0.000 0.000 0.000 0.000 0.000
255936.000 188.508 0.000 0.000 0.000 0.000 0.000 0.000 0.000 0.000
214336.000 150.729 25088.000 17.643 0.000 0.000 0.000 0.000 1024.000 0.720
248640.000 183.183 0.000 0.000 0.000 0.000 0.000 0.000 0.000 0.000
243968.000 180.382 0.000 0.000 0.000 0.000 0.000 0.000 0.000 0.000
246528.000 181.578 0.000 0.000 0.000 0.000 0.000 0.000 0.000 0.000
198912.000 147.169 25088.000 18.562 0.000 0.000 0.000 0.000 1024.000 0.758
252672.000 179.743 0.000 0.000 0.000 0.000 0.000 0.000 0.000 0.000
246272.000 181.201 0.000 0.000 0.000 0.000 0.000 0.000 0.000 0.000
2875904.000 183.129 175616.000 11.183 4624.000 0.294 300.000 0.019 7168.000 0.456
0.000 0.000 0.000 0.000 0.000 0.000 0.000 0.000 0.000 0.000
0.000 0.000 0.000 0.000 0.000 0.000 0.000 0.000 0.000 0.000
0.000 0.000 0.000 0.000 0.000 0.000 0.000 0.000 0.000 0.000
0.000 0.000 0.000 0.000 0.000 0.000 0.000 0.000 0.000 0.000
1519616.000 239.356 338688.000 53.347 11920.000 1.878 352.000 0.055 7168.000 1.129
217088.000 167.303 62720.000 48.337 0.000 0.000 0.000 0.000 1024.000 0.789
0.000 0.000 0.000 0.000 0.000 0.000 0.000 0.000 0.000 0.000
0.000 0.000 0.000 0.000 0.000 0.000 0.000 0.000 0.000 0.000
1667904.000 237.338 25088.000 3.570 13584.000 1.933 1416.000 0.201 1024.000 0.146
440512.000 317.267 0.000 0.000 0.000 0.000 0.000 0.000 0.000 0.000
439424.000 319.043 0.000 0.000 0.000 0.000 0.000 0.000 0.000 0.000
1936896.000 314.089 25088.000 4.068 0.000 0.000 0.000 0.000 1024.000 0.166
363968.000 263.785 25088.000 18.182 0.000 0.000 0.000 0.000 1024.000 0.742
443456.000 321.301 0.000 0.000 0.000 0.000 0.000 0.000 0.000 0.000
1089408.000 151.919 125440.000 17.493 5728.000 0.799 36.000 0.005 402432.000 56.119
0.000 0.000 0.000 0.000 0.000 0.000 0.000 0.000 0.000 0.000
0.000 0.000 0.000 0.000 0.000 0.000 0.000 0.000 0.000 0.000
0.000 0.000 0.000 0.000 0.000 0.000 0.000 0.000 0.000 0.000
1863680.000 315.174 163072.000 27.578 9120.000 1.542 580.000 0.098 7168.000 1.212
266240.000 198.961 37632.000 28.122 0.000 0.000 0.000 0.000 1024.000 0.765
0.000 0.000 0.000 0.000 0.000 0.000 0.000 0.000 0.000 0.000
0.000 0.000 0.000 0.000 0.000 0.000 0.000 0.000 0.000 0.000
1665536.000 254.671 75264.000 11.508 9104.000 1.392 524.000 0.080 6144.000 0.939
399168.000 286.820 25088.000 18.027 0.000 0.000 0.000 0.000 2048.000 1.472
398880.000 291.132 25088.000 18.311 0.000 0.000 0.000 0.000 2048.000 1.495
1814048.000 269.918 100352.000 14.932 9104.000 1.355 524.000 0.078 8192.000 1.219
414560.000 289.501 25088.000 17.520 0.000 0.000 0.000 0.000 2048.000 1.430
400544.000 293.226 20384.000 14.923 0.000 0.000 0.000 0.000 2048.000 1.499
461440.000 334.188 4704.000 3.407 0.000 0.000 0.000 0.000 1024.000 0.742
1851392.000 290.268 125440.000 19.667 0.000 0.000 0.000 0.000 9216.000 1.445
0.000 0.000 0.000 0.000 0.000 0.000 0.000 0.000 0.000 0.000
0.000 0.000 0.000 0.000 0.000 0.000 0.000 0.000 0.000 0.000
0.000 0.000 0.000 0.000 0.000 0.000 0.000 0.000 0.000 0.000
1851392.000 290.456 86824.000 13.621 4240.000 0.665 520.000 0.082 4096.000 0.643
0.000 0.000 13520.000 10.366 0.000 0.000 0.000 0.000 0.000 0.000
0.000 0.000 0.000 0.000 0.000 0.000 0.000 0.000 0.000 0.000
792000.000 125.683 106624.000 16.920 12736.000 2.021 2008.000 0.319 2432.000 0.386
265728.000 190.567 0.000 0.000 0.000 0.000 0.000 0.000 0.000 0.000
222848.000 165.798 18816.000 13.999 0.000 0.000 0.000 0.000 384.000 0.286
253216.000 187.255 0.000 0.000 0.000 0.000 0.000 0.000 0.000 0.000
1143456.000 162.499 37632.000 5.348 10512.000 1.494 1136.000 0.161 960.000 0.136
241376.000 177.813 18816.000 13.861 0.000 0.000 0.000 0.000 192.000 0.141
240928.000 177.538 0.000 0.000 0.000 0.000 0.000 0.000 192.000 0.141
1087648.000 161.565 56448.000 8.385 10512.000 1.562 1136.000 0.169 960.000 0.143
260800.000 189.129 0.000 0.000 0.000 0.000 0.000 0.000 0.000 0.000
223200.000 166.048 18816.000 13.998 0.000 0.000 0.000 0.000 384.000 0.286
257536.000 188.659 0.000 0.000 0.000 0.000 0.000 0.000 0.000 0.000
1064640.000 178.940 37632.000 6.325 0.000 0.000 0.000 0.000 768.000 0.129
0.000 0.000 18816.000 14.345 0.000 0.000 0.000 0.000 384.000 0.293
0.000 0.000 0.000 0.000 0.000 0.000 0.000 0.000 0.000 0.000
0.000 0.000 0.000 0.000 0.000 0.000 0.000 0.000 0.000 0.000
1437216.000 222.151 67424.000 10.422 10672.000 1.650 3992.000 0.617 56448.000 8.725
406688.000 283.691 7056.000 4.922 0.000 0.000 0.000 0.000 2304.000 1.607
436304.000 307.638 7056.000 4.975 0.000 0.000 0.000 0.000 0.000 0.000
2009936.000 296.686 14112.000 2.083 7760.000 1.145 1588.000 0.234 2304.000 0.340
452688.000 311.327 0.000 0.000 0.000 0.000 0.000 0.000 0.000 0.000
390688.000 276.445 14112.000 9.985 0.000 0.000 0.000 0.000 2304.000 1.630
1910928.000 297.152 14112.000 2.194 7568.000 1.177 1584.000 0.246 2304.000 0.358
463072.000 306.263 0.000 0.000 0.000 0.000 0.000 0.000 0.000 0.000
444992.000 311.894 0.000 0.000 0.000 0.000 0.000 0.000 0.000 0.000
406576.000 283.924 14112.000 9.855 0.000 0.000 0.000 0.000 1152.000 0.804
1231888.000 214.066 14112.000 2.452 0.000 0.000 0.000 0.000 1152.000 0.200
