223872.000 188.096 0.000 0.000 13840.000 11.628 1416.000 1.190 0.000 0.000
455616.000 310.380 0.000 0.000 0.000 0.000 0.000 0.000 0.000 0.000
428224.000 316.736 0.000 0.000 0.000 0.000 0.000 0.000 0.000 0.000
429632.000 317.046 0.000 0.000 0.000 0.000 0.000 0.000 0.000 0.000
336640.000 251.312 25088.000 18.729 0.000 0.000 0.000 0.000 2048.000 1.529
459648.000 313.325 0.000 0.000 0.000 0.000 0.000 0.000 0.000 0.000
430592.000 316.896 0.000 0.000 0.000 0.000 0.000 0.000 0.000 0.000
426560.000 317.587 0.000 0.000 0.000 0.000 0.000 0.000 0.000 0.000
346688.000 257.560 25088.000 18.638 0.000 0.000 0.000 0.000 2048.000 1.521
437184.000 316.821 0.000 0.000 0.000 0.000 0.000 0.000 0.000 0.000
434176.000 318.608 0.000 0.000 0.000 0.000 0.000 0.000 0.000 0.000
377344.000 279.806 9248.000 6.858 0.000 0.000 0.000 0.000 1536.000 1.139
443968.000 296.172 15840.000 10.567 0.000 0.000 0.000 0.000 512.000 0.342
431872.000 315.426 0.000 0.000 0.000 0.000 0.000 0.000 0.000 0.000
434496.000 319.285 0.000 0.000 0.000 0.000 0.000 0.000 0.000 0.000
285056.000 209.406 25088.000 18.430 0.000 0.000 0.000 0.000 2048.000 1.504
111616.000 79.312 0.000 0.000 13840.000 9.834 1476.000 1.049 0.000 0.000
246592.000 174.731 0.000 0.000 0.000 0.000 0.000 0.000 0.000 0.000
234688.000 175.202 0.000 0.000 0.000 0.000 0.000 0.000 0.000 0.000
247040.000 148.192 25088.000 15.050 0.000 0.000 0.000 0.000 1024.000 0.614
234688.000 174.792 0.000 0.000 0.000 0.000 0.000 0.000 0.000 0.000
234176.000 176.765 0.000 0.000 0.000 0.000 0.000 0.000 0.000 0.000
228288.000 171.867 0.000 0.000 0.000 0.000 0.000 0.000 0.000 0.000
189760.000 143.912 25088.000 19.027 0.000 0.000 0.000 0.000 1024.000 0.777
228032.000 171.677 0.000 0.000 0.000 0.000 0.000 0.000 0.000 0.000
231424.000 174.440 0.000 0.000 0.000 0.000 0.000 0.000 0.000 0.000
222336.000 146.203 25088.000 16.497 0.000 0.000 0.000 0.000 1024.000 0.673
234688.000 173.641 0.000 0.000 0.000 0.000 0.000 0.000 0.000 0.000
234688.000 175.462 0.000 0.000 0.000 0.000 0.000 0.000 0.000 0.000
234688.000 174.924 0.000 0.000 0.000 0.000 0.000 0.000 0.000 0.000
49408.000 35.951 25088.000 18.255 0.000 0.000 0.000 0.000 1024.000 0.745
215040.000 156.665 0.000 0.000 13840.000 10.083 1476.000 1.075 0.000 0.000
232096.000 173.480 0.000 0.000 0.000 0.000 0.000 0.000 0.000 0.000
232224.000 174.184 0.000 0.000 0.000 0.000 0.000 0.000 0.000 0.000
208064.000 146.945 25088.000 17.718 0.000 0.000 0.000 0.000 1024.000 0.723
236480.000 174.768 0.000 0.000 0.000 0.000 0.000 0.000 0.000 0.000
235264.000 171.177 0.000 0.000 0.000 0.000 0.000 0.000 0.000 0.000
221888.000 165.815 0.000 0.000 0.000 0.000 0.000 0.000 0.000 0.000
198080.000 150.536 25088.000 19.066 0.000 0.000 0.000 0.000 1024.000 0.778
234240.000 175.541 0.000 0.000 0.000 0.000 0.000 0.000 0.000 0.000
234688.000 174.535 0.000 0.000 0.000 0.000 0.000 0.000 0.000 0.000
203456.000 144.034 25088.000 17.761 0.000 0.000 0.000 0.000 1024.000 0.725
234304.000 174.928 0.000 0.000 0.000 0.000 0.000 0.000 0.000 0.000
230816.000 173.071 0.000 0.000 0.000 0.000 0.000 0.000 0.000 0.000
233120.000 175.154 0.000 0.000 0.000 0.000 0.000 0.000 0.000 0.000
188992.000 135.337 25088.000 17.966 1120.000 0.802 688.000 0.493 1024.000 0.733
219904.000 162.270 54880.000 40.497 2704.000 1.995 356.000 0.263 3200.000 2.361
209344.000 143.391 54880.000 37.590 1440.000 0.986 2140.000 1.466 3840.000 2.630
270016.000 187.103 0.000 0.000 0.000 0.000 0.000 0.000 0.000 0.000
289280.000 212.523 0.000 0.000 0.000 0.000 0.000 0.000 0.000 0.000
253216.000 186.698 0.000 0.000 0.000 0.000 0.000 0.000 0.000 0.000
289952.000 213.662 0.000 0.000 0.000 0.000 0.000 0.000 0.000 0.000
256000.000 189.524 0.000 0.000 0.000 0.000 0.000 0.000 0.000 0.000
183584.000 132.920 19600.000 14.191 1408.000 1.019 2136.000 1.547 3200.000 2.317
288192.000 211.257 0.000 0.000 0.000 0.000 0.000 0.000 0.000 0.000
264144.000 194.890 0.000 0.000 0.000 0.000 0.000 0.000 0.000 0.000
279632.000 194.277 0.000 0.000 0.000 0.000 0.000 0.000 0.000 0.000
273600.000 200.470 0.000 0.000 0.000 0.000 0.000 0.000 0.000 0.000
281040.000 207.310 0.000 0.000 0.000 0.000 0.000 0.000 0.000 0.000
198848.000 132.922 19600.000 13.102 1408.000 0.941 2136.000 1.428 1600.000 1.070
279104.000 203.590 0.000 0.000 0.000 0.000 0.000 0.000 0.000 0.000
276176.000 202.892 0.000 0.000 0.000 0.000 0.000 0.000 0.000 0.000
256848.000 189.663 0.000 0.000 0.000 0.000 0.000 0.000 0.000 0.000
284352.000 195.450 0.000 0.000 0.000 0.000 0.000 0.000 0.000 0.000
203328.000 146.457 19600.000 14.118 1408.000 1.014 2136.000 1.539 1600.000 1.152
263744.000 193.784 0.000 0.000 0.000 0.000 0.000 0.000 0.000 0.000
289232.000 211.578 0.000 0.000 0.000 0.000 0.000 0.000 0.000 0.000
259536.000 190.433 0.000 0.000 0.000 0.000 0.000 0.000 0.000 0.000
268608.000 198.355 0.000 0.000 0.000 0.000 0.000 0.000 0.000 0.000
281168.000 208.128 0.000 0.000 0.000 0.000 0.000 0.000 0.000 0.000
248736.000 166.875 19600.000 13.150 240.000 0.161 736.000 0.494 1600.000 1.073
0.000 0.000 19600.000 14.064 0.000 0.000 0.000 0.000 1600.000 1.148
