310528.000 32.509 25088.000 2.626 1440.000 0.151 744.000 0.078 512.000 0.054
48384.000 32.475 25088.000 16.839 0.000 0.000 0.000 0.000 512.000 0.344
0.000 0.000 0.000 0.000 0.000 0.000 0.000 0.000 0.000 0.000
0.000 0.000 0.000 0.000 0.000 0.000 0.000 0.000 0.000 0.000
0.000 0.000 0.000 0.000 0.000 0.000 0.000 0.000 0.000 0.000
0.000 0.000 0.000 0.000 0.000 0.000 0.000 0.000 0.000 0.000
0.000 0.000 0.000 0.000 0.000 0.000 0.000 0.000 0.000 0.000
0.000 0.000 0.000 0.000 0.000 0.000 0.000 0.000 0.000 0.000
0.000 0.000 0.000 0.000 0.000 0.000 0.000 0.000 0.000 0.000
813248.000 119.010 106624.000 15.603 13360.000 1.955 1756.000 0.257 204544.000 29.933
251200.000 184.259 0.000 0.000 0.000 0.000 0.000 0.000 0.000 0.000
221408.000 165.570 18816.000 14.071 0.000 0.000 0.000 0.000 768.000 0.574
1055360.000 161.708 37632.000 5.766 10768.000 1.650 1140.000 0.175 1536.000 0.235
220384.000 163.422 18816.000 13.953 0.000 0.000 0.000 0.000 768.000 0.569
251200.000 187.822 0.000 0.000 0.000 0.000 0.000 0.000 0.000 0.000
215040.000 161.757 18816.000 14.154 0.000 0.000 0.000 0.000 768.000 0.578
1173152.000 163.934 37632.000 5.259 10768.000 1.505 1140.000 0.159 1536.000 0.215
239584.000 169.351 9408.000 6.650 0.000 0.000 0.000 0.000 768.000 0.543
245696.000 183.478 9408.000 7.026 0.000 0.000 0.000 0.000 0.000 0.000
236608.000 167.724 9408.000 6.669 0.000 0.000 0.000 0.000 768.000 0.544
246464.000 184.842 9408.000 7.056 0.000 0.000 0.000 0.000 0.000 0.000
235840.000 176.973 0.000 0.000 0.000 0.000 0.000 0.000 384.000 0.288
231104.000 174.090 18816.000 14.174 0.000 0.000 0.000 0.000 384.000 0.289
251200.000 187.701 0.000 0.000 0.000 0.000 0.000 0.000 0.000 0.000
0.000 0.000 18816.000 14.889 0.000 0.000 0.000 0.000 768.000 0.608
0.000 0.000 0.000 0.000 0.000 0.000 0.000 0.000 0.000 0.000
124416.000 43.493 25088.000 8.770 1536.000 0.537 332.000 0.116 50688.000 17.719
