55296.000 47.392 71680.000 61.434 2400.000 2.057 176.000 0.151 1536.000 1.316
73728.000 51.932 129024.000 90.881 0.000 0.000 0.000 0.000 2048.000 1.443
196096.000 136.892 25088.000 17.514 2832.000 1.977 744.000 0.519 512.000 0.357
340480.000 256.722 25088.000 18.916 0.000 0.000 0.000 0.000 512.000 0.386
181248.000 124.196 50176.000 34.382 0.000 0.000 0.000 0.000 1024.000 0.702
181248.000 131.205 0.000 0.000 4240.000 3.069 800.000 0.579 128.000 0.093
181248.000 139.750 25088.000 19.344 0.000 0.000 0.000 0.000 256.000 0.197
181248.000 140.461 25088.000 19.442 0.000 0.000 0.000 0.000 128.000 0.099
181248.000 141.462 25088.000 19.581 0.000 0.000 0.000 0.000 256.000 0.200
113280.000 80.017 25088.000 17.721 4240.000 2.995 800.000 0.565 256.000 0.181
181248.000 139.081 25088.000 19.251 0.000 0.000 0.000 0.000 256.000 0.196
192576.000 138.270 25088.000 18.013 0.000 0.000 0.000 0.000 256.000 0.184
181248.000 140.509 25088.000 19.449 0.000 0.000 0.000 0.000 256.000 0.198
96896.000 70.822 25088.000 18.337 4240.000 3.099 800.000 0.585 256.000 0.187
183488.000 139.852 25088.000 19.122 0.000 0.000 0.000 0.000 256.000 0.195
176768.000 136.199 25088.000 19.330 0.000 0.000 0.000 0.000 256.000 0.197
177216.000 137.698 25088.000 19.494 0.000 0.000 0.000 0.000 256.000 0.199
147264.000 107.164 25088.000 18.257 0.000 0.000 0.000 0.000 256.000 0.186
245248.000 180.501 25088.000 18.465 2256.000 1.660 128.000 0.094 1536.000 1.130
0.000 0.000 56448.000 38.333 2912.000 1.978 36.000 0.024 129664.000 88.053
163136.000 116.768 18816.000 13.468 1888.000 1.351 2760.000 1.976 71552.000 51.215
436480.000 304.870 0.000 0.000 0.000 0.000 0.000 0.000 0.000 0.000
442624.000 311.861 0.000 0.000 0.000 0.000 0.000 0.000 0.000 0.000
252112.000 176.709 25088.000 17.585 3488.000 2.445 2764.000 1.937 2048.000 1.435
442048.000 309.842 0.000 0.000 0.000 0.000 0.000 0.000 0.000 0.000
447152.000 317.584 0.000 0.000 0.000 0.000 0.000 0.000 0.000 0.000
493920.000 304.069 0.000 0.000 0.000 0.000 0.000 0.000 0.000 0.000
449216.000 315.461 0.000 0.000 0.000 0.000 0.000 0.000 0.000 0.000
448816.000 317.980 0.000 0.000 0.000 0.000 0.000 0.000 0.000 0.000
228336.000 161.261 25088.000 17.718 3488.000 2.463 2764.000 1.952 4096.000 2.893
445744.000 315.201 0.000 0.000 0.000 0.000 0.000 0.000 0.000 0.000
450752.000 316.726 0.000 0.000 0.000 0.000 0.000 0.000 0.000 0.000
450624.000 317.493 0.000 0.000 0.000 0.000 0.000 0.000 0.000 0.000
485328.000 308.884 0.000 0.000 0.000 0.000 0.000 0.000 0.000 0.000
446656.000 316.443 0.000 0.000 0.000 0.000 0.000 0.000 0.000 0.000
281728.000 198.786 25088.000 17.702 1552.000 1.095 972.000 0.686 4096.000 2.890
358912.000 251.610 25088.000 17.588 0.000 0.000 0.000 0.000 6144.000 4.307
179664.000 127.129 25088.000 17.752 12944.000 9.159 1584.000 1.121 2048.000 1.449
436032.000 310.912 0.000 0.000 0.000 0.000 0.000 0.000 0.000 0.000
443712.000 314.166 0.000 0.000 0.000 0.000 0.000 0.000 0.000 0.000
463040.000 309.399 0.000 0.000 0.000 0.000 0.000 0.000 0.000 0.000
441280.000 315.441 0.000 0.000 0.000 0.000 0.000 0.000 0.000 0.000
443952.000 316.512 0.000 0.000 0.000 0.000 0.000 0.000 0.000 0.000
446272.000 317.536 0.000 0.000 0.000 0.000 0.000 0.000 0.000 0.000
446144.000 317.046 0.000 0.000 0.000 0.000 0.000 0.000 0.000 0.000
446400.000 315.959 0.000 0.000 0.000 0.000 0.000 0.000 0.000 0.000
447168.000 316.837 0.000 0.000 0.000 0.000 0.000 0.000 0.000 0.000
488912.000 308.328 0.000 0.000 0.000 0.000 0.000 0.000 0.000 0.000
421680.000 298.399 8192.000 5.797 0.000 0.000 0.000 0.000 2048.000 1.449
447168.000 315.830 0.000 0.000 0.000 0.000 0.000 0.000 0.000 0.000
443328.000 316.731 0.000 0.000 0.000 0.000 0.000 0.000 0.000 0.000
444480.000 317.012 0.000 0.000 0.000 0.000 0.000 0.000 0.000 0.000
443952.000 317.156 0.000 0.000 0.000 0.000 0.000 0.000 0.000 0.000
442304.000 315.891 0.000 0.000 0.000 0.000 0.000 0.000 0.000 0.000
467264.000 312.088 0.000 0.000 0.000 0.000 0.000 0.000 0.000 0.000
445248.000 315.586 0.000 0.000 0.000 0.000 0.000 0.000 0.000 0.000
441280.000 316.727 0.000 0.000 0.000 0.000 0.000 0.000 0.000 0.000
443840.000 316.152 0.000 0.000 0.000 0.000 0.000 0.000 0.000 0.000
445888.000 316.042 0.000 0.000 0.000 0.000 0.000 0.000 0.000 0.000
68880.000 44.395 12288.000 7.920 11360.000 7.322 36.000 0.023 67584.000 43.559
