33280.000 5.853 12544.000 2.206 1488.000 0.262 128.000 0.023 512.000 0.090
33280.000 23.224 37632.000 26.261 0.000 0.000 0.000 0.000 512.000 0.357
0.000 0.000 0.000 0.000 0.000 0.000 0.000 0.000 0.000 0.000
0.000 0.000 0.000 0.000 0.000 0.000 0.000 0.000 0.000 0.000
0.000 0.000 0.000 0.000 0.000 0.000 0.000 0.000 0.000 0.000
0.000 0.000 0.000 0.000 0.000 0.000 0.000 0.000 0.000 0.000
0.000 0.000 0.000 0.000 0.000 0.000 0.000 0.000 0.000 0.000
0.000 0.000 0.000 0.000 0.000 0.000 0.000 0.000 0.000 0.000
823296.000 120.717 106624.000 15.634 13360.000 1.959 1756.000 0.257 204544.000 29.992
241152.000 166.711 9408.000 6.504 0.000 0.000 0.000 0.000 768.000 0.531
251200.000 184.633 9408.000 6.915 0.000 0.000 0.000 0.000 0.000 0.000
1055040.000 161.500 37632.000 5.761 10768.000 1.648 1140.000 0.175 1536.000 0.235
221952.000 162.386 18816.000 13.766 0.000 0.000 0.000 0.000 768.000 0.562
260352.000 191.465 0.000 0.000 0.000 0.000 0.000 0.000 0.000 0.000
219904.000 162.321 18816.000 13.889 0.000 0.000 0.000 0.000 768.000 0.567
1181184.000 164.122 37632.000 5.229 10384.000 1.443 1136.000 0.158 1536.000 0.213
232000.000 168.613 18816.000 13.675 0.000 0.000 0.000 0.000 384.000 0.279
272576.000 189.937 0.000 0.000 0.000 0.000 0.000 0.000 0.000 0.000
248128.000 169.311 18816.000 12.839 0.000 0.000 0.000 0.000 384.000 0.262
257728.000 189.186 0.000 0.000 0.000 0.000 0.000 0.000 0.000 0.000
231104.000 171.054 18816.000 13.927 0.000 0.000 0.000 0.000 384.000 0.284
255232.000 187.850 0.000 0.000 0.000 0.000 0.000 0.000 0.000 0.000
136640.000 102.602 18816.000 14.129 0.000 0.000 0.000 0.000 384.000 0.288
0.000 0.000 0.000 0.000 0.000 0.000 0.000 0.000 0.000 0.000
0.000 0.000 0.000 0.000 0.000 0.000 0.000 0.000 0.000 0.000
1048688.000 151.961 51744.000 7.498 13104.000 1.899 2948.000 0.427 304128.000 44.070
471904.000 306.369 0.000 0.000 0.000 0.000 0.000 0.000 0.000 0.000
389664.000 274.761 14112.000 9.951 0.000 0.000 0.000 0.000 2304.000 1.625
1902592.000 294.543 14112.000 2.185 7760.000 1.201 1588.000 0.246 2304.000 0.357
451024.000 311.674 0.000 0.000 0.000 0.000 0.000 0.000 0.000 0.000
445392.000 312.236 0.000 0.000 0.000 0.000 0.000 0.000 0.000 0.000
389536.000 275.329 14112.000 9.975 0.000 0.000 0.000 0.000 2304.000 1.628
2074752.000 298.796 14112.000 2.032 7568.000 1.090 1584.000 0.228 2304.000 0.332
449872.000 312.190 0.000 0.000 0.000 0.000 0.000 0.000 0.000 0.000
404144.000 284.366 14112.000 9.930 0.000 0.000 0.000 0.000 1152.000 0.811
1408272.000 217.738 14112.000 2.182 0.000 0.000 0.000 0.000 1152.000 0.178
