1288960.000 202.280 229376.000 35.997 20752.000 3.257 176.000 0.028 8192.000 1.286
333056.000 231.109 71680.000 49.739 0.000 0.000 0.000 0.000 3072.000 2.132
302848.000 221.395 71680.000 52.401 0.000 0.000 0.000 0.000 2048.000 1.497
1650688.000 254.290 315392.000 48.586 0.000 0.000 0.000 0.000 11264.000 1.735
392704.000 273.145 57344.000 39.886 0.000 0.000 0.000 0.000 2048.000 1.424
160512.000 120.236 57344.000 42.955 0.000 0.000 0.000 0.000 2048.000 1.534
0.000 0.000 0.000 0.000 0.000 0.000 0.000 0.000 0.000 0.000
0.000 0.000 0.000 0.000 0.000 0.000 0.000 0.000 0.000 0.000
0.000 0.000 0.000 0.000 0.000 0.000 0.000 0.000 0.000 0.000
0.000 0.000 0.000 0.000 0.000 0.000 0.000 0.000 0.000 0.000
294912.000 208.978 43008.000 30.476 20224.000 14.331 176.000 0.125 2048.000 1.451
331776.000 247.450 71680.000 53.461 528.000 0.394 0.000 0.000 2048.000 1.527
355968.000 262.140 57344.000 42.229 0.000 0.000 0.000 0.000 2048.000 1.508
331392.000 246.136 57344.000 42.591 0.000 0.000 0.000 0.000 2048.000 1.521
307968.000 216.025 71680.000 50.280 0.000 0.000 0.000 0.000 3072.000 2.155
317952.000 233.890 71680.000 52.729 0.000 0.000 0.000 0.000 2048.000 1.507
399104.000 298.916 57344.000 42.949 0.000 0.000 0.000 0.000 2048.000 1.534
315136.000 221.728 57344.000 40.347 0.000 0.000 0.000 0.000 2560.000 1.801
309760.000 233.589 86016.000 64.864 0.000 0.000 0.000 0.000 2560.000 1.930
346624.000 257.128 57344.000 42.538 0.000 0.000 0.000 0.000 2048.000 1.519
344832.000 255.359 57344.000 42.465 0.000 0.000 0.000 0.000 2048.000 1.517
325888.000 228.656 71680.000 50.294 0.000 0.000 0.000 0.000 3072.000 2.155
147456.000 100.077 43008.000 29.189 0.000 0.000 0.000 0.000 1024.000 0.695
0.000 0.000 0.000 0.000 0.000 0.000 0.000 0.000 0.000 0.000
25088.000 15.809 0.000 0.000 9552.000 6.019 176.000 0.111 0.000 0.000
378240.000 267.066 57344.000 40.489 0.000 0.000 0.000 0.000 1024.000 0.723
333952.000 231.027 70504.000 48.774 0.000 0.000 0.000 0.000 1536.000 1.063
331776.000 243.931 72848.000 53.560 0.000 0.000 0.000 0.000 1024.000 0.753
393600.000 269.988 57344.000 39.335 0.000 0.000 0.000 0.000 1024.000 0.702
306816.000 225.421 69960.000 51.400 0.000 0.000 0.000 0.000 1536.000 1.129
294912.000 217.114 73392.000 54.031 0.000 0.000 0.000 0.000 1024.000 0.754
0.000 0.000 0.000 0.000 0.000 0.000 0.000 0.000 0.000 0.000
147456.000 101.825 28672.000 19.799 18960.000 13.093 176.000 0.122 768.000 0.530
241280.000 179.853 114688.000 85.490 0.000 0.000 0.000 0.000 1792.000 1.336
274816.000 207.599 86016.000 64.978 0.000 0.000 0.000 0.000 1792.000 1.354
267776.000 187.972 114688.000 80.508 0.000 0.000 0.000 0.000 1792.000 1.258
248320.000 183.005 100352.000 73.957 0.000 0.000 0.000 0.000 2048.000 1.509
293376.000 221.389 100352.000 75.728 0.000 0.000 0.000 0.000 1536.000 1.159
222720.000 168.439 100352.000 75.894 0.000 0.000 0.000 0.000 2048.000 1.549
274048.000 206.617 100352.000 75.660 0.000 0.000 0.000 0.000 1536.000 1.158
94592.000 65.508 57344.000 39.713 0.000 0.000 0.000 0.000 1024.000 0.709
0.000 0.000 0.000 0.000 0.000 0.000 0.000 0.000 0.000 0.000
0.000 0.000 0.000 0.000 0.000 0.000 0.000 0.000 0.000 0.000
54784.000 38.480 0.000 0.000 18432.000 12.947 432.000 0.303 0.000 0.000
236416.000 170.648 0.000 0.000 1024.000 0.739 0.000 0.000 0.000 0.000
188160.000 137.685 28672.000 20.981 768.000 0.562 0.000 0.000 512.000 0.375
232832.000 169.813 0.000 0.000 1024.000 0.747 0.000 0.000 0.000 0.000
208128.000 144.691 28672.000 19.933 768.000 0.534 0.000 0.000 512.000 0.356
248064.000 181.120 0.000 0.000 1024.000 0.748 0.000 0.000 0.000 0.000
213504.000 148.572 28672.000 19.952 768.000 0.534 0.000 0.000 512.000 0.356
245888.000 180.242 0.000 0.000 1024.000 0.751 0.000 0.000 0.000 0.000
198272.000 146.253 28672.000 21.150 768.000 0.567 0.000 0.000 512.000 0.378
247040.000 182.096 0.000 0.000 1024.000 0.755 0.000 0.000 0.000 0.000
204288.000 150.936 14336.000 10.592 768.000 0.567 0.000 0.000 512.000 0.378
243456.000 179.821 14336.000 10.589 1024.000 0.756 0.000 0.000 0.000 0.000
223488.000 164.792 0.000 0.000 768.000 0.566 0.000 0.000 256.000 0.189
233472.000 164.909 28672.000 20.252 1024.000 0.723 0.000 0.000 256.000 0.181
233472.000 169.884 0.000 0.000 768.000 0.559 0.000 0.000 0.000 0.000
217984.000 161.033 28672.000 21.181 1024.000 0.756 0.000 0.000 512.000 0.378
248960.000 168.533 0.000 0.000 768.000 0.520 0.000 0.000 0.000 0.000
218880.000 161.633 28672.000 21.173 1024.000 0.756 0.000 0.000 512.000 0.378
248064.000 181.202 0.000 0.000 768.000 0.561 0.000 0.000 0.000 0.000
197248.000 146.690 28672.000 21.323 1024.000 0.762 0.000 0.000 512.000 0.381
244352.000 178.514 0.000 0.000 768.000 0.561 0.000 0.000 0.000 0.000
215040.000 150.415 28672.000 20.055 1024.000 0.716 0.000 0.000 512.000 0.358
248064.000 179.969 0.000 0.000 768.000 0.557 0.000 0.000 0.000 0.000
204288.000 150.563 28672.000 21.132 1024.000 0.755 0.000 0.000 512.000 0.377
248064.000 182.442 0.000 0.000 768.000 0.565 0.000 0.000 0.000 0.000
201856.000 148.454 28672.000 21.087 1024.000 0.753 0.000 0.000 512.000 0.377
246528.000 180.817 0.000 0.000 768.000 0.563 0.000 0.000 0.000 0.000
193664.000 145.408 28672.000 21.528 768.000 0.577 0.000 0.000 512.000 0.384
262656.000 182.438 0.000 0.000 1024.000 0.711 0.000 0.000 0.000 0.000
201216.000 149.127 28672.000 21.250 1024.000 0.759 0.000 0.000 512.000 0.379
265728.000 179.283 0.000 0.000 768.000 0.518 0.000 0.000 0.000 0.000
203904.000 151.135 28672.000 21.252 1024.000 0.759 0.000 0.000 512.000 0.379
247936.000 181.238 0.000 0.000 768.000 0.561 0.000 0.000 0.000 0.000
197888.000 146.471 28672.000 21.222 1024.000 0.758 0.000 0.000 512.000 0.379
242304.000 177.864 0.000 0.000 768.000 0.564 0.000 0.000 0.000 0.000
216960.000 151.042 28672.000 19.961 1024.000 0.713 0.000 0.000 512.000 0.356
248064.000 182.696 0.000 0.000 768.000 0.566 0.000 0.000 0.000 0.000
199936.000 149.458 28672.000 21.433 528.000 0.395 0.000 0.000 512.000 0.383
241280.000 177.437 0.000 0.000 0.000 0.000 0.000 0.000 0.000 0.000
200832.000 148.580 28672.000 21.212 0.000 0.000 0.000 0.000 512.000 0.379
248064.000 181.442 0.000 0.000 0.000 0.000 0.000 0.000 0.000 0.000
204288.000 149.147 28672.000 20.933 0.000 0.000 0.000 0.000 512.000 0.374
261120.000 181.809 0.000 0.000 0.000 0.000 0.000 0.000 0.000 0.000
203520.000 149.020 28672.000 20.994 0.000 0.000 0.000 0.000 512.000 0.375
243712.000 179.689 0.000 0.000 0.000 0.000 0.000 0.000 0.000 0.000
192640.000 143.479 28672.000 21.355 0.000 0.000 0.000 0.000 512.000 0.381
264064.000 185.475 0.000 0.000 0.000 0.000 0.000 0.000 0.000 0.000
192000.000 141.626 14336.000 10.575 0.000 0.000 0.000 0.000 512.000 0.378
248576.000 183.961 14336.000 10.610 0.000 0.000 0.000 0.000 0.000 0.000
218368.000 161.349 0.000 0.000 0.000 0.000 0.000 0.000 256.000 0.189
243456.000 171.233 28672.000 20.166 0.000 0.000 0.000 0.000 256.000 0.180
223488.000 164.557 0.000 0.000 0.000 0.000 0.000 0.000 256.000 0.188
218880.000 163.173 28672.000 21.375 0.000 0.000 0.000 0.000 256.000 0.191
248064.000 183.139 0.000 0.000 0.000 0.000 0.000 0.000 0.000 0.000
189440.000 140.548 28672.000 21.272 0.000 0.000 0.000 0.000 512.000 0.380
225920.000 166.151 0.000 0.000 0.000 0.000 0.000 0.000 0.000 0.000
187264.000 139.603 28672.000 21.375 0.000 0.000 0.000 0.000 512.000 0.382
246528.000 171.909 0.000 0.000 0.000 0.000 0.000 0.000 0.000 0.000
27392.000 18.192 28672.000 19.042 0.000 0.000 0.000 0.000 512.000 0.340
0.000 0.000 0.000 0.000 0.000 0.000 0.000 0.000 0.000 0.000
0.000 0.000 0.000 0.000 0.000 0.000 0.000 0.000 0.000 0.000
82176.000 58.273 0.000 0.000 18688.000 13.252 432.000 0.306 0.000 0.000
233600.000 169.138 0.000 0.000 1024.000 0.741 0.000 0.000 0.000 0.000
190976.000 141.043 28672.000 21.175 768.000 0.567 0.000 0.000 512.000 0.378
271744.000 170.763 0.000 0.000 1024.000 0.643 0.000 0.000 0.000 0.000
195072.000 142.935 28672.000 21.009 1024.000 0.750 0.000 0.000 512.000 0.375
247808.000 181.330 0.000 0.000 768.000 0.562 0.000 0.000 0.000 0.000
194944.000 145.110 28672.000 21.343 1024.000 0.762 0.000 0.000 512.000 0.381
248064.000 182.966 0.000 0.000 768.000 0.566 0.000 0.000 0.000 0.000
204288.000 149.574 28672.000 20.993 512.000 0.375 0.000 0.000 512.000 0.375
248064.000 180.930 0.000 0.000 1280.000 0.934 0.000 0.000 0.000 0.000
215296.000 150.067 28672.000 19.985 768.000 0.535 0.000 0.000 512.000 0.357
242560.000 177.830 0.000 0.000 1024.000 0.751 0.000 0.000 0.000 0.000
199424.000 146.731 28672.000 21.096 512.000 0.377 0.000 0.000 512.000 0.377
247424.000 180.675 0.000 0.000 1024.000 0.748 0.000 0.000 0.000 0.000
197120.000 145.883 28672.000 21.219 768.000 0.568 0.000 0.000 512.000 0.379
255232.000 186.463 0.000 0.000 1024.000 0.748 0.000 0.000 0.000 0.000
204288.000 150.300 14336.000 10.547 768.000 0.565 0.000 0.000 512.000 0.377
248064.000 175.766 14336.000 10.158 1024.000 0.726 0.000 0.000 0.000 0.000
218880.000 160.101 0.000 0.000 768.000 0.562 0.000 0.000 256.000 0.187
233472.000 173.730 28672.000 21.335 1024.000 0.762 0.000 0.000 256.000 0.190
233472.000 173.268 0.000 0.000 768.000 0.570 0.000 0.000 0.000 0.000
205184.000 151.814 28672.000 21.214 1024.000 0.758 0.000 0.000 512.000 0.379
247168.000 180.513 0.000 0.000 768.000 0.561 0.000 0.000 0.000 0.000
228480.000 154.255 28672.000 19.358 1024.000 0.691 0.000 0.000 512.000 0.346
247296.000 180.794 0.000 0.000 1024.000 0.749 0.000 0.000 0.000 0.000
210048.000 147.868 28672.000 20.184 768.000 0.541 0.000 0.000 512.000 0.360
248064.000 181.898 0.000 0.000 768.000 0.563 0.000 0.000 0.000 0.000
200448.000 149.562 28672.000 21.393 1024.000 0.764 0.000 0.000 512.000 0.382
247040.000 181.075 0.000 0.000 768.000 0.563 0.000 0.000 0.000 0.000
194560.000 144.498 28672.000 21.295 1024.000 0.761 0.000 0.000 512.000 0.380
248064.000 181.866 0.000 0.000 768.000 0.563 0.000 0.000 0.000 0.000
204288.000 151.112 28672.000 21.209 1024.000 0.757 0.000 0.000 512.000 0.379
262656.000 178.675 0.000 0.000 768.000 0.522 0.000 0.000 0.000 0.000
204288.000 151.113 28672.000 21.209 1024.000 0.757 0.000 0.000 512.000 0.379
247296.000 180.927 0.000 0.000 768.000 0.562 0.000 0.000 0.000 0.000
195968.000 145.720 28672.000 21.320 1024.000 0.761 0.000 0.000 512.000 0.381
243712.000 179.395 0.000 0.000 768.000 0.565 0.000 0.000 0.000 0.000
203136.000 150.803 28672.000 21.285 528.000 0.392 0.000 0.000 512.000 0.380
248064.000 183.445 0.000 0.000 0.000 0.000 0.000 0.000 0.000 0.000
204288.000 143.519 28672.000 20.143 0.000 0.000 0.000 0.000 512.000 0.360
248064.000 181.774 0.000 0.000 0.000 0.000 0.000 0.000 0.000 0.000
204288.000 150.919 28672.000 21.182 0.000 0.000 0.000 0.000 512.000 0.378
244736.000 180.472 0.000 0.000 0.000 0.000 0.000 0.000 0.000 0.000
193664.000 143.835 28672.000 21.295 0.000 0.000 0.000 0.000 512.000 0.380
247424.000 181.734 0.000 0.000 0.000 0.000 0.000 0.000 0.000 0.000
232448.000 154.678 28672.000 19.079 0.000 0.000 0.000 0.000 512.000 0.341
255616.000 178.163 0.000 0.000 0.000 0.000 0.000 0.000 0.000 0.000
204416.000 148.565 28672.000 20.838 0.000 0.000 0.000 0.000 512.000 0.372
246016.000 179.149 0.000 0.000 0.000 0.000 0.000 0.000 0.000 0.000
199680.000 147.743 28672.000 21.214 0.000 0.000 0.000 0.000 512.000 0.379
248064.000 181.328 0.000 0.000 0.000 0.000 0.000 0.000 0.000 0.000
191488.000 142.280 24520.000 18.219 0.000 0.000 0.000 0.000 512.000 0.380
256512.000 188.766 4144.000 3.050 0.000 0.000 0.000 0.000 0.000 0.000
208640.000 153.986 0.000 0.000 0.000 0.000 0.000 0.000 256.000 0.189
232832.000 162.413 28672.000 20.000 0.000 0.000 0.000 0.000 256.000 0.179
205440.000 150.599 0.000 0.000 0.000 0.000 0.000 0.000 256.000 0.188
219136.000 162.248 28672.000 21.229 0.000 0.000 0.000 0.000 256.000 0.190
219136.000 160.758 0.000 0.000 0.000 0.000 0.000 0.000 0.000 0.000
0.000 0.000 28672.000 18.485 0.000 0.000 0.000 0.000 512.000 0.330
0.000 0.000 0.000 0.000 0.000 0.000 0.000 0.000 0.000 0.000
76928.000 49.112 0.000 0.000 13136.000 8.386 5620.000 3.588 0.000 0.000
362240.000 239.009 0.000 0.000 0.000 0.000 0.000 0.000 0.000 0.000
357376.000 250.186 0.000 0.000 0.000 0.000 0.000 0.000 0.000 0.000
279168.000 199.259 28672.000 20.465 0.000 0.000 0.000 0.000 2048.000 1.462
360816.000 253.944 0.000 0.000 0.000 0.000 0.000 0.000 0.000 0.000
285264.000 204.461 28672.000 20.550 0.000 0.000 0.000 0.000 2048.000 1.468
360256.000 256.040 0.000 0.000 0.000 0.000 0.000 0.000 0.000 0.000
359456.000 255.266 0.000 0.000 0.000 0.000 0.000 0.000 0.000 0.000
293856.000 198.332 28672.000 19.352 0.000 0.000 0.000 0.000 2048.000 1.382
366240.000 259.149 0.000 0.000 0.000 0.000 0.000 0.000 0.000 0.000
320256.000 204.497 28672.000 18.308 0.000 0.000 0.000 0.000 2048.000 1.308
366480.000 257.716 0.000 0.000 0.000 0.000 0.000 0.000 0.000 0.000
366288.000 256.922 0.000 0.000 0.000 0.000 0.000 0.000 0.000 0.000
274368.000 197.081 28672.000 20.595 0.000 0.000 0.000 0.000 2048.000 1.471
371088.000 253.076 0.000 0.000 0.000 0.000 0.000 0.000 0.000 0.000
286272.000 205.117 28672.000 20.544 0.000 0.000 0.000 0.000 2048.000 1.467
357104.000 253.780 0.000 0.000 0.000 0.000 0.000 0.000 0.000 0.000
365440.000 253.275 0.000 0.000 0.000 0.000 0.000 0.000 0.000 0.000
97536.000 65.999 28672.000 19.401 0.000 0.000 0.000 0.000 2048.000 1.386
266240.000 184.089 47976.000 33.172 1616.000 1.117 300.000 0.207 2048.000 1.416
135936.000 98.301 27280.000 19.727 1488.000 1.076 800.000 0.579 256.000 0.185
135936.000 96.003 25088.000 17.718 1488.000 1.051 800.000 0.565 256.000 0.181
90624.000 68.143 50176.000 37.729 0.000 0.000 0.000 0.000 512.000 0.385
0.000 0.000 0.000 0.000 0.000 0.000 0.000 0.000 0.000 0.000
0.000 0.000 0.000 0.000 0.000 0.000 0.000 0.000 0.000 0.000
0.000 0.000 0.000 0.000 0.000 0.000 0.000 0.000 0.000 0.000
0.000 0.000 0.000 0.000 0.000 0.000 0.000 0.000 0.000 0.000
0.000 0.000 0.000 0.000 0.000 0.000 0.000 0.000 0.000 0.000
2208832.000 110.373 285376.000 14.260 10032.000 0.501 5228.000 0.261 12672.000 0.633
279872.000 193.597 0.000 0.000 0.000 0.000 0.000 0.000 0.000 0.000
1110864.000 189.856 19600.000 3.350 1440.000 0.246 2140.000 0.366 1600.000 0.273
274128.000 196.311 0.000 0.000 0.000 0.000 0.000 0.000 0.000 0.000
192944.000 141.161 19600.000 14.340 0.000 0.000 0.000 0.000 3200.000 2.341
0.000 0.000 0.000 0.000 0.000 0.000 0.000 0.000 0.000 0.000
718400.000 118.434 78400.000 12.925 960.000 0.158 2944.000 0.485 6400.000 1.055
