294912.000 247.069 28672.000 24.021 18960.000 15.884 176.000 0.147 768.000 0.643
358912.000 258.097 86016.000 61.855 0.000 0.000 0.000 0.000 1280.000 0.920
378368.000 285.925 57344.000 43.334 0.000 0.000 0.000 0.000 1024.000 0.774
294912.000 209.533 76008.000 54.003 0.000 0.000 0.000 0.000 1536.000 1.091
423936.000 319.496 67344.000 50.753 0.000 0.000 0.000 0.000 1024.000 0.772
313344.000 232.596 57728.000 42.852 0.000 0.000 0.000 0.000 1280.000 0.950
348160.000 266.424 85632.000 65.529 0.000 0.000 0.000 0.000 1280.000 0.979
389120.000 293.811 57344.000 43.298 0.000 0.000 0.000 0.000 1024.000 0.773
294912.000 222.074 63848.000 48.079 0.000 0.000 0.000 0.000 1536.000 1.157
420736.000 302.203 79504.000 57.106 0.000 0.000 0.000 0.000 1024.000 0.736
316544.000 238.473 57344.000 43.201 0.000 0.000 0.000 0.000 1280.000 0.964
294912.000 210.219 86016.000 61.314 0.000 0.000 0.000 0.000 1280.000 0.912
0.000 0.000 0.000 0.000 0.000 0.000 0.000 0.000 0.000 0.000
0.000 0.000 0.000 0.000 0.000 0.000 0.000 0.000 0.000 0.000
147456.000 100.900 0.000 0.000 18960.000 12.974 176.000 0.120 256.000 0.175
338304.000 254.954 86016.000 64.824 0.000 0.000 0.000 0.000 1280.000 0.965
352384.000 262.618 57344.000 42.736 0.000 0.000 0.000 0.000 1024.000 0.763
362240.000 249.542 86016.000 59.255 0.000 0.000 0.000 0.000 1536.000 1.058
384768.000 284.155 57344.000 42.349 0.000 0.000 0.000 0.000 1024.000 0.756
331776.000 245.971 57344.000 42.514 0.000 0.000 0.000 0.000 1280.000 0.949
344064.000 262.230 86016.000 65.557 0.000 0.000 0.000 0.000 1280.000 0.976
363648.000 271.553 57344.000 42.822 0.000 0.000 0.000 0.000 1024.000 0.765
324480.000 249.044 71680.000 55.016 0.000 0.000 0.000 0.000 1536.000 1.179
355840.000 267.097 71680.000 53.804 0.000 0.000 0.000 0.000 1024.000 0.769
367488.000 276.022 57344.000 43.071 0.000 0.000 0.000 0.000 1024.000 0.769
358656.000 251.605 86016.000 60.342 0.000 0.000 0.000 0.000 1536.000 1.078
97664.000 62.194 28672.000 18.259 0.000 0.000 0.000 0.000 512.000 0.326
0.000 0.000 0.000 0.000 0.000 0.000 0.000 0.000 0.000 0.000
3584.000 2.383 0.000 0.000 13568.000 9.020 176.000 0.117 0.000 0.000
362112.000 261.897 57344.000 41.474 5392.000 3.900 0.000 0.000 1024.000 0.741
357248.000 266.380 57344.000 42.758 0.000 0.000 0.000 0.000 1024.000 0.764
311296.000 235.001 79720.000 60.181 0.000 0.000 0.000 0.000 1536.000 1.160
408320.000 283.416 63632.000 44.167 0.000 0.000 0.000 0.000 1024.000 0.711
326912.000 249.847 71680.000 54.782 0.000 0.000 0.000 0.000 1536.000 1.174
357632.000 268.016 71680.000 53.718 0.000 0.000 0.000 0.000 1024.000 0.767
364800.000 274.802 57344.000 43.197 0.000 0.000 0.000 0.000 1024.000 0.771
349952.000 249.140 86016.000 61.237 0.000 0.000 0.000 0.000 1536.000 1.094
358528.000 266.496 57344.000 42.624 0.000 0.000 0.000 0.000 1024.000 0.761
338560.000 258.204 71680.000 54.667 0.000 0.000 0.000 0.000 1536.000 1.171
464640.000 247.454 100352.000 53.445 0.000 0.000 0.000 0.000 1536.000 0.818
125184.000 83.778 28672.000 19.188 0.000 0.000 0.000 0.000 512.000 0.343
0.000 0.000 0.000 0.000 0.000 0.000 0.000 0.000 0.000 0.000
50688.000 32.678 0.000 0.000 9552.000 6.158 176.000 0.113 0.000 0.000
361856.000 262.456 57344.000 41.592 0.000 0.000 0.000 0.000 1024.000 0.743
324736.000 243.199 57344.000 42.946 0.000 0.000 0.000 0.000 1280.000 0.959
442368.000 237.924 86016.000 46.263 0.000 0.000 0.000 0.000 1536.000 0.826
322432.000 236.562 86016.000 63.108 0.000 0.000 0.000 0.000 1280.000 0.939
377984.000 271.992 57344.000 41.264 0.000 0.000 0.000 0.000 1024.000 0.737
184320.000 132.315 57344.000 41.165 0.000 0.000 0.000 0.000 1024.000 0.735
0.000 0.000 0.000 0.000 0.000 0.000 0.000 0.000 0.000 0.000
386048.000 274.116 12544.000 8.907 8848.000 6.283 408.000 0.290 512.000 0.364
509184.000 309.022 25088.000 15.226 0.000 0.000 0.000 0.000 1024.000 0.621
446464.000 306.766 12544.000 8.619 0.000 0.000 0.000 0.000 512.000 0.352
417280.000 303.792 25088.000 18.265 0.000 0.000 0.000 0.000 1024.000 0.746
498304.000 368.860 12544.000 9.285 0.000 0.000 0.000 0.000 512.000 0.379
223744.000 157.393 12544.000 8.824 2256.000 1.587 1472.000 1.035 512.000 0.360
343808.000 251.758 25088.000 18.371 0.000 0.000 0.000 0.000 512.000 0.375
184832.000 132.490 25088.000 17.983 8336.000 5.975 576.000 0.413 512.000 0.367
416896.000 308.816 75264.000 55.752 0.000 0.000 0.000 0.000 1536.000 1.138
483072.000 320.554 75264.000 49.943 0.000 0.000 0.000 0.000 1536.000 1.019
133120.000 89.815 50176.000 33.853 0.000 0.000 0.000 0.000 1024.000 0.691
0.000 0.000 0.000 0.000 0.000 0.000 0.000 0.000 0.000 0.000
0.000 0.000 3136.000 1.964 6240.000 3.908 16.000 0.010 53504.000 33.508
0.000 0.000 25088.000 17.320 0.000 0.000 0.000 0.000 398592.000 275.181
0.000 0.000 21952.000 14.828 0.000 0.000 0.000 0.000 350720.000 236.903
287360.000 202.772 0.000 0.000 13024.000 9.190 1584.000 1.118 0.000 0.000
458688.000 304.902 0.000 0.000 0.000 0.000 0.000 0.000 0.000 0.000
443328.000 315.014 0.000 0.000 0.000 0.000 0.000 0.000 0.000 0.000
443584.000 315.747 0.000 0.000 0.000 0.000 0.000 0.000 0.000 0.000
446912.000 316.255 0.000 0.000 0.000 0.000 0.000 0.000 0.000 0.000
449216.000 316.329 0.000 0.000 0.000 0.000 0.000 0.000 0.000 0.000
450240.000 316.193 0.000 0.000 0.000 0.000 0.000 0.000 0.000 0.000
448448.000 315.911 0.000 0.000 0.000 0.000 0.000 0.000 0.000 0.000
499280.000 307.136 0.000 0.000 0.000 0.000 0.000 0.000 0.000 0.000
445632.000 315.503 0.000 0.000 0.000 0.000 0.000 0.000 0.000 0.000
446256.000 316.321 0.000 0.000 0.000 0.000 0.000 0.000 0.000 0.000
419392.000 298.734 8192.000 5.835 0.000 0.000 0.000 0.000 2048.000 1.459
447072.000 316.717 0.000 0.000 0.000 0.000 0.000 0.000 0.000 0.000
450320.000 316.576 0.000 0.000 0.000 0.000 0.000 0.000 0.000 0.000
446016.000 316.669 0.000 0.000 0.000 0.000 0.000 0.000 0.000 0.000
467280.000 311.865 0.000 0.000 0.000 0.000 0.000 0.000 0.000 0.000
445760.000 315.538 0.000 0.000 0.000 0.000 0.000 0.000 0.000 0.000
446768.000 317.241 0.000 0.000 0.000 0.000 0.000 0.000 0.000 0.000
448576.000 316.335 0.000 0.000 0.000 0.000 0.000 0.000 0.000 0.000
449984.000 316.705 0.000 0.000 0.000 0.000 0.000 0.000 0.000 0.000
448576.000 316.429 0.000 0.000 0.000 0.000 0.000 0.000 0.000 0.000
349200.000 246.274 8192.000 5.777 0.000 0.000 0.000 0.000 2048.000 1.444
