634368.000 68.406 75264.000 8.116 6864.000 0.740 800.000 0.086 1536.000 0.166
188864.000 135.047 25088.000 17.939 0.000 0.000 0.000 0.000 512.000 0.366
589888.000 142.702 100352.000 24.276 2000.000 0.484 352.000 0.085 2048.000 0.495
0.000 0.000 0.000 0.000 0.000 0.000 0.000 0.000 0.000 0.000
0.000 0.000 0.000 0.000 0.000 0.000 0.000 0.000 0.000 0.000
0.000 0.000 0.000 0.000 0.000 0.000 0.000 0.000 0.000 0.000
0.000 0.000 0.000 0.000 0.000 0.000 0.000 0.000 0.000 0.000
512896.000 83.077 282240.000 45.716 8176.000 1.324 1440.000 0.233 5888.000 0.954
0.000 0.000 0.000 0.000 0.000 0.000 0.000 0.000 0.000 0.000
0.000 0.000 0.000 0.000 0.000 0.000 0.000 0.000 0.000 0.000
0.000 0.000 0.000 0.000 0.000 0.000 0.000 0.000 0.000 0.000
869344.000 145.973 39200.000 6.582 2352.000 0.395 2940.000 0.494 4800.000 0.806
277056.000 198.243 0.000 0.000 0.000 0.000 0.000 0.000 0.000 0.000
289872.000 212.245 0.000 0.000 0.000 0.000 0.000 0.000 0.000 0.000
261456.000 191.439 0.000 0.000 0.000 0.000 0.000 0.000 0.000 0.000
1025040.000 176.484 19600.000 3.375 1408.000 0.242 2136.000 0.368 1600.000 0.275
273488.000 196.618 0.000 0.000 0.000 0.000 0.000 0.000 0.000 0.000
193584.000 135.312 19600.000 13.700 0.000 0.000 0.000 0.000 1600.000 1.118
0.000 0.000 0.000 0.000 0.000 0.000 0.000 0.000 0.000 0.000
954128.000 165.440 0.000 0.000 1408.000 0.244 2136.000 0.370 0.000 0.000
271936.000 196.778 0.000 0.000 0.000 0.000 0.000 0.000 0.000 0.000
233536.000 170.962 19600.000 14.348 0.000 0.000 0.000 0.000 1600.000 1.171
