102400.000 84.669 0.000 0.000 17920.000 14.817 744.000 0.615 0.000 0.000
259392.000 178.728 0.000 0.000 1024.000 0.706 0.000 0.000 0.000 0.000
265408.000 182.731 0.000 0.000 1024.000 0.705 0.000 0.000 0.000 0.000
201984.000 148.776 25088.000 18.479 1024.000 0.754 0.000 0.000 512.000 0.377
248256.000 182.043 0.000 0.000 768.000 0.563 0.000 0.000 0.000 0.000
253760.000 184.629 0.000 0.000 1024.000 0.745 0.000 0.000 0.000 0.000
243200.000 176.861 0.000 0.000 1024.000 0.745 0.000 0.000 0.000 0.000
207040.000 153.112 25088.000 18.553 1024.000 0.757 0.000 0.000 512.000 0.379
242688.000 180.414 0.000 0.000 768.000 0.571 0.000 0.000 0.000 0.000
267008.000 181.204 0.000 0.000 1024.000 0.695 0.000 0.000 0.000 0.000
207488.000 151.890 25088.000 18.365 1280.000 0.937 0.000 0.000 512.000 0.375
245376.000 180.992 0.000 0.000 768.000 0.566 0.000 0.000 0.000 0.000
247168.000 182.792 0.000 0.000 1024.000 0.757 0.000 0.000 0.000 0.000
243840.000 180.505 0.000 0.000 768.000 0.569 0.000 0.000 0.000 0.000
210624.000 156.208 25088.000 18.606 1024.000 0.759 0.000 0.000 512.000 0.380
254912.000 188.006 0.000 0.000 1024.000 0.755 0.000 0.000 0.000 0.000
251712.000 184.461 0.000 0.000 768.000 0.563 0.000 0.000 0.000 0.000
240384.000 160.034 25088.000 16.702 1280.000 0.852 0.000 0.000 512.000 0.341
259712.000 189.009 0.000 0.000 1024.000 0.745 0.000 0.000 0.000 0.000
255040.000 187.249 0.000 0.000 768.000 0.564 0.000 0.000 0.000 0.000
251712.000 185.336 0.000 0.000 1024.000 0.754 0.000 0.000 0.000 0.000
213312.000 157.398 25088.000 18.512 1024.000 0.756 0.000 0.000 512.000 0.378
259008.000 188.824 0.000 0.000 1024.000 0.747 0.000 0.000 0.000 0.000
256320.000 188.447 0.000 0.000 768.000 0.565 0.000 0.000 0.000 0.000
229760.000 157.907 25088.000 17.242 1280.000 0.880 0.000 0.000 512.000 0.352
259264.000 188.770 0.000 0.000 768.000 0.559 0.000 0.000 0.000 0.000
266112.000 184.785 0.000 0.000 1024.000 0.711 0.000 0.000 0.000 0.000
225216.000 165.884 0.000 0.000 768.000 0.566 0.000 0.000 256.000 0.189
240704.000 178.490 25088.000 18.604 1280.000 0.949 0.000 0.000 256.000 0.190
259392.000 189.914 0.000 0.000 1024.000 0.750 0.000 0.000 0.000 0.000
254400.000 187.460 0.000 0.000 768.000 0.566 0.000 0.000 0.000 0.000
225856.000 157.806 25088.000 17.529 1024.000 0.715 0.000 0.000 512.000 0.358
255872.000 186.979 0.000 0.000 1024.000 0.748 0.000 0.000 0.000 0.000
258496.000 188.663 0.000 0.000 1024.000 0.747 0.000 0.000 0.000 0.000
204160.000 151.217 25088.000 18.582 768.000 0.569 0.000 0.000 512.000 0.379
261824.000 192.999 0.000 0.000 1024.000 0.755 0.000 0.000 0.000 0.000
261504.000 187.390 0.000 0.000 1024.000 0.734 0.000 0.000 0.000 0.000
252480.000 186.822 0.000 0.000 928.000 0.687 0.000 0.000 0.000 0.000
227904.000 159.944 25088.000 17.607 0.000 0.000 0.000 0.000 512.000 0.359
260096.000 186.637 0.000 0.000 0.000 0.000 0.000 0.000 0.000 0.000
256576.000 187.874 0.000 0.000 0.000 0.000 0.000 0.000 0.000 0.000
210624.000 155.731 25088.000 18.549 0.000 0.000 0.000 0.000 512.000 0.379
243200.000 178.703 0.000 0.000 0.000 0.000 0.000 0.000 0.000 0.000
244992.000 180.797 0.000 0.000 0.000 0.000 0.000 0.000 0.000 0.000
245760.000 181.047 0.000 0.000 0.000 0.000 0.000 0.000 0.000 0.000
202624.000 151.782 25088.000 18.793 0.000 0.000 0.000 0.000 512.000 0.384
266624.000 183.287 0.000 0.000 0.000 0.000 0.000 0.000 0.000 0.000
259136.000 179.185 0.000 0.000 0.000 0.000 0.000 0.000 0.000 0.000
230528.000 152.801 25088.000 16.629 0.000 0.000 0.000 0.000 512.000 0.339
277696.000 182.365 0.000 0.000 0.000 0.000 0.000 0.000 0.000 0.000
260352.000 179.468 0.000 0.000 0.000 0.000 0.000 0.000 0.000 0.000
207104.000 152.840 25088.000 18.515 0.000 0.000 0.000 0.000 512.000 0.378
246912.000 181.540 0.000 0.000 0.000 0.000 0.000 0.000 0.000 0.000
271872.000 178.448 0.000 0.000 0.000 0.000 0.000 0.000 0.000 0.000
247168.000 182.365 0.000 0.000 0.000 0.000 0.000 0.000 0.000 0.000
34432.000 22.668 25088.000 16.516 0.000 0.000 0.000 0.000 512.000 0.337
5008.000 3.344 0.000 0.000 17408.000 11.625 128.000 0.085 0.000 0.000
366576.000 260.697 0.000 0.000 2560.000 1.821 0.000 0.000 0.000 0.000
318176.000 232.536 25088.000 18.335 2560.000 1.871 0.000 0.000 2048.000 1.497
352416.000 237.834 25088.000 16.931 2560.000 1.728 0.000 0.000 2048.000 1.382
407184.000 276.851 0.000 0.000 2448.000 1.664 0.000 0.000 0.000 0.000
322880.000 239.788 25088.000 18.632 0.000 0.000 0.000 0.000 2048.000 1.521
315392.000 233.731 25088.000 18.592 0.000 0.000 0.000 0.000 2048.000 1.518
364848.000 267.423 0.000 0.000 0.000 0.000 0.000 0.000 512.000 0.375
330672.000 245.599 25088.000 18.634 0.000 0.000 0.000 0.000 1536.000 1.141
327408.000 242.859 25088.000 18.609 0.000 0.000 0.000 0.000 2048.000 1.519
330192.000 244.857 25088.000 18.604 0.000 0.000 0.000 0.000 2048.000 1.519
425792.000 283.155 0.000 0.000 0.000 0.000 0.000 0.000 0.000 0.000
57424.000 38.451 25088.000 16.799 0.000 0.000 0.000 0.000 2048.000 1.371
438304.000 307.248 0.000 0.000 4624.000 3.241 524.000 0.367 0.000 0.000
390240.000 282.660 25088.000 18.172 0.000 0.000 0.000 0.000 2048.000 1.483
395040.000 287.678 25088.000 18.270 0.000 0.000 0.000 0.000 2048.000 1.491
398080.000 288.510 25088.000 18.183 0.000 0.000 0.000 0.000 2048.000 1.484
229728.000 146.438 25088.000 15.992 0.000 0.000 0.000 0.000 2048.000 1.305
522368.000 287.670 0.000 0.000 3392.000 1.868 2760.000 1.520 0.000 0.000
442976.000 309.886 0.000 0.000 0.000 0.000 0.000 0.000 0.000 0.000
448192.000 314.583 0.000 0.000 0.000 0.000 0.000 0.000 0.000 0.000
445248.000 313.982 0.000 0.000 0.000 0.000 0.000 0.000 0.000 0.000
447424.000 315.192 0.000 0.000 0.000 0.000 0.000 0.000 0.000 0.000
278400.000 193.956 25088.000 17.478 2832.000 1.973 968.000 0.674 2048.000 1.427
402048.000 281.963 25088.000 17.595 0.000 0.000 0.000 0.000 2048.000 1.436
435200.000 281.124 25088.000 16.206 0.000 0.000 0.000 0.000 2048.000 1.323
387328.000 274.599 25088.000 17.786 0.000 0.000 0.000 0.000 2048.000 1.452
225024.000 154.860 25088.000 17.265 2384.000 1.641 972.000 0.669 2048.000 1.409
493312.000 356.388 0.000 0.000 0.000 0.000 0.000 0.000 0.000 0.000
486528.000 352.452 0.000 0.000 0.000 0.000 0.000 0.000 0.000 0.000
363008.000 263.074 25088.000 18.181 0.000 0.000 0.000 0.000 4096.000 2.968
490880.000 354.828 0.000 0.000 0.000 0.000 0.000 0.000 0.000 0.000
439808.000 299.489 4664.000 3.176 0.000 0.000 0.000 0.000 3072.000 2.092
185296.000 124.048 20416.000 13.668 13008.000 8.708 2760.000 1.848 1024.000 0.686
442176.000 310.110 0.000 0.000 0.000 0.000 0.000 0.000 0.000 0.000
444352.000 313.854 0.000 0.000 0.000 0.000 0.000 0.000 0.000 0.000
446400.000 315.415 0.000 0.000 0.000 0.000 0.000 0.000 0.000 0.000
450240.000 316.042 0.000 0.000 0.000 0.000 0.000 0.000 0.000 0.000
450624.000 315.517 0.000 0.000 0.000 0.000 0.000 0.000 0.000 0.000
468800.000 309.570 0.000 0.000 0.000 0.000 0.000 0.000 0.000 0.000
445632.000 316.024 0.000 0.000 0.000 0.000 0.000 0.000 0.000 0.000
443968.000 315.809 0.000 0.000 0.000 0.000 0.000 0.000 0.000 0.000
450624.000 316.712 0.000 0.000 0.000 0.000 0.000 0.000 0.000 0.000
448832.000 316.246 0.000 0.000 0.000 0.000 0.000 0.000 0.000 0.000
364816.000 260.380 25088.000 17.906 0.000 0.000 0.000 0.000 2048.000 1.462
449088.000 317.193 0.000 0.000 0.000 0.000 0.000 0.000 0.000 0.000
480208.000 309.353 0.000 0.000 0.000 0.000 0.000 0.000 0.000 0.000
442176.000 315.434 0.000 0.000 0.000 0.000 0.000 0.000 0.000 0.000
446784.000 314.861 0.000 0.000 0.000 0.000 0.000 0.000 0.000 0.000
451008.000 315.863 0.000 0.000 0.000 0.000 0.000 0.000 0.000 0.000
450496.000 315.898 0.000 0.000 0.000 0.000 0.000 0.000 0.000 0.000
487760.000 311.171 0.000 0.000 0.000 0.000 0.000 0.000 0.000 0.000
462016.000 311.116 0.000 0.000 0.000 0.000 0.000 0.000 0.000 0.000
445248.000 314.470 0.000 0.000 0.000 0.000 0.000 0.000 0.000 0.000
445376.000 314.876 0.000 0.000 0.000 0.000 0.000 0.000 0.000 0.000
119600.000 84.494 25088.000 17.724 13008.000 9.190 2760.000 1.950 2048.000 1.447
437680.000 309.579 0.000 0.000 0.000 0.000 0.000 0.000 0.000 0.000
444224.000 313.713 0.000 0.000 0.000 0.000 0.000 0.000 0.000 0.000
447040.000 315.744 0.000 0.000 0.000 0.000 0.000 0.000 0.000 0.000
458560.000 311.038 0.000 0.000 0.000 0.000 0.000 0.000 0.000 0.000
452032.000 314.696 0.000 0.000 0.000 0.000 0.000 0.000 0.000 0.000
447424.000 315.289 0.000 0.000 0.000 0.000 0.000 0.000 0.000 0.000
448960.000 315.798 0.000 0.000 0.000 0.000 0.000 0.000 0.000 0.000
447424.000 316.530 0.000 0.000 0.000 0.000 0.000 0.000 0.000 0.000
452032.000 317.273 0.000 0.000 0.000 0.000 0.000 0.000 0.000 0.000
448448.000 316.352 0.000 0.000 0.000 0.000 0.000 0.000 0.000 0.000
382496.000 258.662 25088.000 16.966 0.000 0.000 0.000 0.000 2048.000 1.385
449472.000 315.052 0.000 0.000 0.000 0.000 0.000 0.000 0.000 0.000
447296.000 315.791 0.000 0.000 0.000 0.000 0.000 0.000 0.000 0.000
448704.000 315.598 0.000 0.000 0.000 0.000 0.000 0.000 0.000 0.000
451392.000 315.577 0.000 0.000 0.000 0.000 0.000 0.000 0.000 0.000
490960.000 312.512 0.000 0.000 0.000 0.000 0.000 0.000 0.000 0.000
449856.000 314.172 0.000 0.000 0.000 0.000 0.000 0.000 0.000 0.000
470208.000 310.409 0.000 0.000 0.000 0.000 0.000 0.000 0.000 0.000
452800.000 315.527 0.000 0.000 0.000 0.000 0.000 0.000 0.000 0.000
450880.000 316.605 0.000 0.000 0.000 0.000 0.000 0.000 0.000 0.000
451776.000 316.678 0.000 0.000 0.000 0.000 0.000 0.000 0.000 0.000
134080.000 94.992 25088.000 17.774 13008.000 9.216 2760.000 1.955 2048.000 1.451
439984.000 306.093 0.000 0.000 0.000 0.000 0.000 0.000 0.000 0.000
446400.000 313.430 0.000 0.000 0.000 0.000 0.000 0.000 0.000 0.000
467152.000 308.798 0.000 0.000 0.000 0.000 0.000 0.000 0.000 0.000
450752.000 314.619 0.000 0.000 0.000 0.000 0.000 0.000 0.000 0.000
453312.000 315.374 0.000 0.000 0.000 0.000 0.000 0.000 0.000 0.000
449600.000 315.730 0.000 0.000 0.000 0.000 0.000 0.000 0.000 0.000
451392.000 316.546 0.000 0.000 0.000 0.000 0.000 0.000 0.000 0.000
449344.000 316.215 0.000 0.000 0.000 0.000 0.000 0.000 0.000 0.000
453440.000 315.821 0.000 0.000 0.000 0.000 0.000 0.000 0.000 0.000
472384.000 311.644 0.000 0.000 0.000 0.000 0.000 0.000 0.000 0.000
366624.000 260.696 25088.000 17.839 0.000 0.000 0.000 0.000 2048.000 1.456
447168.000 316.062 0.000 0.000 0.000 0.000 0.000 0.000 0.000 0.000
448448.000 315.784 0.000 0.000 0.000 0.000 0.000 0.000 0.000 0.000
449216.000 316.635 0.000 0.000 0.000 0.000 0.000 0.000 0.000 0.000
448320.000 315.452 0.000 0.000 0.000 0.000 0.000 0.000 0.000 0.000
497360.000 312.917 0.000 0.000 0.000 0.000 0.000 0.000 0.000 0.000
479648.000 309.271 0.000 0.000 0.000 0.000 0.000 0.000 0.000 0.000
450016.000 314.932 0.000 0.000 0.000 0.000 0.000 0.000 0.000 0.000
451904.000 316.601 0.000 0.000 0.000 0.000 0.000 0.000 0.000 0.000
448960.000 315.678 0.000 0.000 0.000 0.000 0.000 0.000 0.000 0.000
450624.000 315.839 0.000 0.000 0.000 0.000 0.000 0.000 0.000 0.000
2190896.000 271.874 25088.000 3.113 13008.000 1.614 2760.000 0.342 2048.000 0.254
454464.000 309.718 0.000 0.000 0.000 0.000 0.000 0.000 0.000 0.000
442928.000 315.757 0.000 0.000 0.000 0.000 0.000 0.000 0.000 0.000
445632.000 315.246 0.000 0.000 0.000 0.000 0.000 0.000 0.000 0.000
457920.000 311.150 0.000 0.000 0.000 0.000 0.000 0.000 0.000 0.000
444096.000 316.157 0.000 0.000 0.000 0.000 0.000 0.000 0.000 0.000
444480.000 316.189 0.000 0.000 0.000 0.000 0.000 0.000 0.000 0.000
358128.000 258.698 25088.000 18.123 0.000 0.000 0.000 0.000 2048.000 1.479
445408.000 315.950 0.000 0.000 0.000 0.000 0.000 0.000 0.000 0.000
447168.000 317.226 0.000 0.000 0.000 0.000 0.000 0.000 0.000 0.000
441408.000 316.617 0.000 0.000 0.000 0.000 0.000 0.000 0.000 0.000
472896.000 308.733 0.000 0.000 0.000 0.000 0.000 0.000 0.000 0.000
447680.000 314.375 0.000 0.000 0.000 0.000 0.000 0.000 0.000 0.000
450112.000 315.560 0.000 0.000 0.000 0.000 0.000 0.000 0.000 0.000
445760.000 315.844 0.000 0.000 0.000 0.000 0.000 0.000 0.000 0.000
443968.000 317.521 0.000 0.000 0.000 0.000 0.000 0.000 0.000 0.000
445120.000 316.573 0.000 0.000 0.000 0.000 0.000 0.000 0.000 0.000
446912.000 315.654 0.000 0.000 0.000 0.000 0.000 0.000 0.000 0.000
68752.000 43.500 26960.000 17.058 11360.000 7.188 36.000 0.023 43392.000 27.455
0.000 0.000 7344.000 4.326 0.000 0.000 0.000 0.000 159360.000 93.869
