210816.000 24.195 28672.000 3.291 3728.000 0.428 240.000 0.028 1024.000 0.118
297600.000 208.863 57344.000 40.245 0.000 0.000 0.000 0.000 2048.000 1.437
68608.000 47.192 14336.000 9.861 0.000 0.000 0.000 0.000 512.000 0.352
0.000 0.000 0.000 0.000 0.000 0.000 0.000 0.000 0.000 0.000
0.000 0.000 0.000 0.000 0.000 0.000 0.000 0.000 0.000 0.000
0.000 0.000 0.000 0.000 0.000 0.000 0.000 0.000 0.000 0.000
0.000 0.000 0.000 0.000 0.000 0.000 0.000 0.000 0.000 0.000
0.000 0.000 0.000 0.000 0.000 0.000 0.000 0.000 0.000 0.000
0.000 0.000 0.000 0.000 0.000 0.000 0.000 0.000 0.000 0.000
521216.000 86.965 263424.000 43.952 5584.000 0.932 1048.000 0.175 5120.000 0.854
33280.000 23.359 37632.000 26.414 0.000 0.000 0.000 0.000 512.000 0.359
0.000 0.000 0.000 0.000 0.000 0.000 0.000 0.000 0.000 0.000
0.000 0.000 0.000 0.000 0.000 0.000 0.000 0.000 0.000 0.000
0.000 0.000 0.000 0.000 0.000 0.000 0.000 0.000 0.000 0.000
527424.000 79.893 255584.000 38.715 8128.000 1.231 3264.000 0.494 263424.000 39.903
0.000 0.000 0.000 0.000 0.000 0.000 0.000 0.000 0.000 0.000
0.000 0.000 0.000 0.000 0.000 0.000 0.000 0.000 0.000 0.000
1501280.000 248.343 0.000 0.000 7568.000 1.252 1584.000 0.262 0.000 0.000
402608.000 283.423 14112.000 9.934 0.000 0.000 0.000 0.000 1152.000 0.811
443984.000 311.450 0.000 0.000 0.000 0.000 0.000 0.000 0.000 0.000
443968.000 313.446 0.000 0.000 0.000 0.000 0.000 0.000 0.000 0.000
306912.000 107.407 14112.000 4.939 0.000 0.000 0.000 0.000 1152.000 0.403
