30096.000 25.539 17520.000 14.867 12960.000 10.998 32.000 0.027 960.000 0.815
136368.000 102.935 75920.000 57.307 0.000 0.000 0.000 0.000 4480.000 3.382
127296.000 99.523 77072.000 60.257 0.000 0.000 0.000 0.000 4160.000 3.252
127936.000 100.517 80600.000 63.326 0.000 0.000 0.000 0.000 4160.000 3.268
136448.000 102.593 75920.000 57.083 0.000 0.000 0.000 0.000 4480.000 3.368
140592.000 101.810 87600.000 63.436 0.000 0.000 0.000 0.000 4480.000 3.244
16080.000 10.778 11680.000 7.829 0.000 0.000 0.000 0.000 640.000 0.429
0.000 0.000 0.000 0.000 0.000 0.000 0.000 0.000 0.000 0.000
255312.000 182.311 13632.000 9.734 22528.000 16.087 168.000 0.120 768.000 0.548
437808.000 315.444 27264.000 19.644 1536.000 1.107 0.000 0.000 1536.000 1.107
380960.000 295.760 40896.000 31.750 1792.000 1.391 0.000 0.000 2304.000 1.789
412032.000 321.365 27264.000 21.265 1792.000 1.398 0.000 0.000 1536.000 1.198
419968.000 314.086 27264.000 20.390 1536.000 1.149 0.000 0.000 1536.000 1.149
384576.000 296.764 40896.000 31.558 1792.000 1.383 0.000 0.000 2304.000 1.778
415680.000 322.999 27264.000 21.185 1792.000 1.392 0.000 0.000 1536.000 1.194
410400.000 321.625 27264.000 21.366 1536.000 1.204 0.000 0.000 1536.000 1.204
368176.000 286.670 40896.000 31.843 1792.000 1.395 0.000 0.000 2304.000 1.794
437792.000 324.866 27264.000 20.231 1792.000 1.330 0.000 0.000 1536.000 1.140
409296.000 319.945 27264.000 21.312 1536.000 1.201 0.000 0.000 1536.000 1.201
368672.000 288.982 40896.000 32.056 1792.000 1.405 0.000 0.000 2304.000 1.806
451936.000 326.829 27264.000 19.717 1792.000 1.296 0.000 0.000 1536.000 1.111
392352.000 303.760 27264.000 21.108 1792.000 1.387 0.000 0.000 1920.000 1.486
391632.000 305.757 40896.000 31.929 1792.000 1.399 0.000 0.000 1920.000 1.499
412032.000 322.177 27264.000 21.318 1536.000 1.201 0.000 0.000 1536.000 1.201
409296.000 319.423 27264.000 21.277 1536.000 1.199 0.000 0.000 1536.000 1.199
368416.000 289.797 40896.000 32.169 2048.000 1.611 0.000 0.000 2304.000 1.812
439984.000 325.658 27264.000 20.180 704.000 0.521 0.000 0.000 1536.000 1.137
404560.000 315.653 27264.000 21.272 0.000 0.000 0.000 0.000 1536.000 1.198
409856.000 299.797 40896.000 29.914 0.000 0.000 0.000 0.000 2304.000 1.685
417536.000 323.183 27264.000 21.103 0.000 0.000 0.000 0.000 1536.000 1.189
385440.000 301.832 27264.000 21.350 0.000 0.000 0.000 0.000 1920.000 1.504
394064.000 308.540 40896.000 32.020 0.000 0.000 0.000 0.000 1920.000 1.503
415744.000 324.250 27264.000 21.264 0.000 0.000 0.000 0.000 1536.000 1.198
403152.000 316.304 27264.000 21.391 0.000 0.000 0.000 0.000 1536.000 1.205
372000.000 293.741 40896.000 32.293 0.000 0.000 0.000 0.000 2304.000 1.819
415872.000 324.517 27264.000 21.275 0.000 0.000 0.000 0.000 1536.000 1.199
425088.000 296.772 35800.000 24.994 0.000 0.000 0.000 0.000 2304.000 1.609
420016.000 324.327 32352.000 24.981 0.000 0.000 0.000 0.000 1536.000 1.186
273104.000 197.250 27264.000 19.691 0.000 0.000 0.000 0.000 1536.000 1.109
0.000 0.000 0.000 0.000 0.000 0.000 0.000 0.000 0.000 0.000
0.000 0.000 0.000 0.000 0.000 0.000 0.000 0.000 0.000 0.000
0.000 0.000 0.000 0.000 0.000 0.000 0.000 0.000 0.000 0.000
0.000 0.000 0.000 0.000 0.000 0.000 0.000 0.000 0.000 0.000
0.000 0.000 3360.000 2.367 14336.000 10.098 36.000 0.025 92928.000 65.454
0.000 0.000 17920.000 12.775 5632.000 4.015 0.000 0.000 425472.000 303.304
0.000 0.000 138880.000 13.193 43520.000 4.134 0.000 0.000 3388288.000 321.861
0.000 0.000 19040.000 13.348 6144.000 4.307 0.000 0.000 460608.000 322.903
0.000 0.000 18480.000 13.088 4384.000 3.105 0.000 0.000 458432.000 324.662
0.000 0.000 18480.000 13.600 0.000 0.000 0.000 0.000 446400.000 328.520
0.000 0.000 19040.000 13.223 0.000 0.000 0.000 0.000 453312.000 314.809
87472.000 58.692 7840.000 5.261 1312.000 0.880 92.000 0.062 128.000 0.086
178448.000 129.368 31360.000 22.735 0.000 0.000 0.000 0.000 512.000 0.371
