57776.000 48.111 0.000 0.000 3088.000 2.571 128.000 0.107 0.000 0.000
268688.000 191.983 75264.000 53.778 0.000 0.000 0.000 0.000 3072.000 2.195
140352.000 100.688 25088.000 17.998 4624.000 3.317 800.000 0.574 1024.000 0.735
172992.000 131.435 25088.000 19.061 0.000 0.000 0.000 0.000 512.000 0.389
178112.000 131.827 25088.000 18.569 0.000 0.000 0.000 0.000 512.000 0.379
190272.000 134.926 25088.000 17.791 0.000 0.000 0.000 0.000 512.000 0.363
115584.000 87.021 25088.000 18.888 0.000 0.000 0.000 0.000 512.000 0.385
178176.000 129.520 0.000 0.000 4624.000 3.361 800.000 0.582 0.000 0.000
172992.000 131.410 25088.000 19.058 0.000 0.000 0.000 0.000 512.000 0.389
181248.000 132.586 25088.000 18.352 0.000 0.000 0.000 0.000 512.000 0.375
169920.000 131.178 25088.000 19.368 0.000 0.000 0.000 0.000 512.000 0.395
84160.000 60.908 25088.000 18.157 4624.000 3.346 800.000 0.579 512.000 0.371
194112.000 134.043 25088.000 17.324 0.000 0.000 0.000 0.000 512.000 0.354
174848.000 133.430 25088.000 19.145 0.000 0.000 0.000 0.000 512.000 0.391
165696.000 128.395 25088.000 19.440 0.000 0.000 0.000 0.000 512.000 0.397
128832.000 97.642 25088.000 19.014 0.000 0.000 0.000 0.000 512.000 0.388
217088.000 158.080 37632.000 27.403 11920.000 8.680 352.000 0.256 1024.000 0.746
431872.000 308.873 87808.000 62.800 0.000 0.000 0.000 0.000 1536.000 1.099
327936.000 252.400 75264.000 57.928 0.000 0.000 0.000 0.000 1792.000 1.379
325632.000 254.168 87808.000 68.537 0.000 0.000 0.000 0.000 1792.000 1.399
432512.000 316.007 87808.000 64.155 0.000 0.000 0.000 0.000 1536.000 1.122
1664.000 1.085 25088.000 16.352 0.000 0.000 0.000 0.000 512.000 0.334
62608.000 42.352 0.000 0.000 17664.000 11.949 128.000 0.087 0.000 0.000
365296.000 264.995 0.000 0.000 2304.000 1.671 0.000 0.000 0.000 0.000
336448.000 248.083 25088.000 18.499 2560.000 1.888 0.000 0.000 1024.000 0.755
338240.000 250.754 25088.000 18.599 2304.000 1.708 0.000 0.000 1024.000 0.759
368896.000 258.065 12544.000 8.775 1936.000 1.354 0.000 0.000 1024.000 0.716
403664.000 278.616 12544.000 8.658 0.000 0.000 0.000 0.000 0.000 0.000
330672.000 243.352 25088.000 18.463 0.000 0.000 0.000 0.000 1024.000 0.754
329936.000 243.562 25088.000 18.520 0.000 0.000 0.000 0.000 1024.000 0.756
390608.000 290.010 0.000 0.000 0.000 0.000 0.000 0.000 0.000 0.000
345392.000 257.038 25088.000 18.670 0.000 0.000 0.000 0.000 1024.000 0.762
345008.000 257.817 25088.000 18.748 0.000 0.000 0.000 0.000 1024.000 0.765
307200.000 223.335 25088.000 18.239 0.000 0.000 0.000 0.000 1024.000 0.744
0.000 0.000 0.000 0.000 0.000 0.000 0.000 0.000 0.000 0.000
0.000 0.000 0.000 0.000 0.000 0.000 0.000 0.000 0.000 0.000
0.000 0.000 9408.000 5.839 11360.000 7.050 36.000 0.022 163072.000 101.202
0.000 0.000 19600.000 13.883 0.000 0.000 0.000 0.000 310528.000 219.949
0.000 0.000 20384.000 14.516 0.000 0.000 0.000 0.000 320128.000 227.968
189280.000 131.009 784.000 0.543 13152.000 9.103 2764.000 1.913 9088.000 6.290
440624.000 309.716 0.000 0.000 0.000 0.000 0.000 0.000 0.000 0.000
462112.000 306.333 0.000 0.000 0.000 0.000 0.000 0.000 0.000 0.000
446688.000 315.971 0.000 0.000 0.000 0.000 0.000 0.000 0.000 0.000
446912.000 316.161 0.000 0.000 0.000 0.000 0.000 0.000 0.000 0.000
445760.000 316.413 0.000 0.000 0.000 0.000 0.000 0.000 0.000 0.000
447296.000 316.883 0.000 0.000 0.000 0.000 0.000 0.000 0.000 0.000
444224.000 317.081 0.000 0.000 0.000 0.000 0.000 0.000 0.000 0.000
460736.000 314.969 0.000 0.000 0.000 0.000 0.000 0.000 0.000 0.000
472272.000 309.374 0.000 0.000 0.000 0.000 0.000 0.000 0.000 0.000
448560.000 316.650 0.000 0.000 0.000 0.000 0.000 0.000 0.000 0.000
346144.000 248.915 25088.000 18.041 0.000 0.000 0.000 0.000 4096.000 2.945
449088.000 316.123 0.000 0.000 0.000 0.000 0.000 0.000 0.000 0.000
448800.000 317.989 0.000 0.000 0.000 0.000 0.000 0.000 0.000 0.000
451888.000 317.286 0.000 0.000 0.000 0.000 0.000 0.000 0.000 0.000
451776.000 316.805 0.000 0.000 0.000 0.000 0.000 0.000 0.000 0.000
472432.000 312.455 0.000 0.000 0.000 0.000 0.000 0.000 0.000 0.000
451904.000 316.959 0.000 0.000 0.000 0.000 0.000 0.000 0.000 0.000
450880.000 315.466 0.000 0.000 0.000 0.000 0.000 0.000 0.000 0.000
451136.000 317.098 0.000 0.000 0.000 0.000 0.000 0.000 0.000 0.000
479952.000 311.706 0.000 0.000 0.000 0.000 0.000 0.000 0.000 0.000
448960.000 316.111 0.000 0.000 0.000 0.000 0.000 0.000 0.000 0.000
120240.000 81.661 25088.000 17.039 13136.000 8.921 2764.000 1.877 4096.000 2.782
441024.000 308.596 0.000 0.000 0.000 0.000 0.000 0.000 0.000 0.000
448384.000 315.659 0.000 0.000 0.000 0.000 0.000 0.000 0.000 0.000
449536.000 317.032 0.000 0.000 0.000 0.000 0.000 0.000 0.000 0.000
451264.000 317.021 0.000 0.000 0.000 0.000 0.000 0.000 0.000 0.000
449216.000 316.648 0.000 0.000 0.000 0.000 0.000 0.000 0.000 0.000
448192.000 317.320 0.000 0.000 0.000 0.000 0.000 0.000 0.000 0.000
464848.000 312.249 0.000 0.000 0.000 0.000 0.000 0.000 0.000 0.000
452544.000 315.654 0.000 0.000 0.000 0.000 0.000 0.000 0.000 0.000
449216.000 317.564 0.000 0.000 0.000 0.000 0.000 0.000 0.000 0.000
448304.000 317.107 0.000 0.000 0.000 0.000 0.000 0.000 0.000 0.000
347808.000 249.443 25088.000 17.993 0.000 0.000 0.000 0.000 4096.000 2.938
483280.000 312.031 0.000 0.000 0.000 0.000 0.000 0.000 0.000 0.000
443824.000 316.728 0.000 0.000 0.000 0.000 0.000 0.000 0.000 0.000
461008.000 309.231 0.000 0.000 0.000 0.000 0.000 0.000 0.000 0.000
448960.000 316.171 0.000 0.000 0.000 0.000 0.000 0.000 0.000 0.000
447152.000 317.066 0.000 0.000 0.000 0.000 0.000 0.000 0.000 0.000
446400.000 317.036 0.000 0.000 0.000 0.000 0.000 0.000 0.000 0.000
446912.000 315.438 0.000 0.000 0.000 0.000 0.000 0.000 0.000 0.000
449088.000 316.991 0.000 0.000 0.000 0.000 0.000 0.000 0.000 0.000
448960.000 316.669 0.000 0.000 0.000 0.000 0.000 0.000 0.000 0.000
461120.000 312.530 0.000 0.000 0.000 0.000 0.000 0.000 0.000 0.000
160832.000 113.846 25088.000 17.759 0.000 0.000 0.000 0.000 4096.000 2.899
3318288.000 306.966 0.000 0.000 13136.000 1.215 2764.000 0.256 0.000 0.000
451904.000 311.280 0.000 0.000 0.000 0.000 0.000 0.000 0.000 0.000
442288.000 315.582 0.000 0.000 0.000 0.000 0.000 0.000 0.000 0.000
444608.000 316.749 0.000 0.000 0.000 0.000 0.000 0.000 0.000 0.000
339984.000 248.677 25088.000 18.350 0.000 0.000 0.000 0.000 4096.000 2.996
468176.000 315.440 0.000 0.000 0.000 0.000 0.000 0.000 0.000 0.000
472384.000 308.919 0.000 0.000 0.000 0.000 0.000 0.000 0.000 0.000
447552.000 315.974 0.000 0.000 0.000 0.000 0.000 0.000 0.000 0.000
442304.000 316.605 0.000 0.000 0.000 0.000 0.000 0.000 0.000 0.000
442048.000 316.969 0.000 0.000 0.000 0.000 0.000 0.000 0.000 0.000
443056.000 317.319 0.000 0.000 0.000 0.000 0.000 0.000 0.000 0.000
447680.000 317.594 0.000 0.000 0.000 0.000 0.000 0.000 0.000 0.000
440768.000 316.723 0.000 0.000 0.000 0.000 0.000 0.000 0.000 0.000
482256.000 308.161 0.000 0.000 0.000 0.000 0.000 0.000 0.000 0.000
447040.000 316.473 0.000 0.000 0.000 0.000 0.000 0.000 0.000 0.000
119856.000 85.729 25088.000 17.945 13008.000 9.304 1584.000 1.133 4096.000 2.930
433072.000 308.355 0.000 0.000 0.000 0.000 0.000 0.000 0.000 0.000
439104.000 314.630 0.000 0.000 0.000 0.000 0.000 0.000 0.000 0.000
441920.000 315.380 0.000 0.000 0.000 0.000 0.000 0.000 0.000 0.000
444224.000 315.709 0.000 0.000 0.000 0.000 0.000 0.000 0.000 0.000
523984.000 309.077 0.000 0.000 0.000 0.000 0.000 0.000 0.000 0.000
448960.000 316.762 0.000 0.000 0.000 0.000 0.000 0.000 0.000 0.000
447680.000 317.261 0.000 0.000 0.000 0.000 0.000 0.000 0.000 0.000
466128.000 314.308 0.000 0.000 0.000 0.000 0.000 0.000 0.000 0.000
442160.000 315.750 0.000 0.000 0.000 0.000 0.000 0.000 0.000 0.000
446400.000 315.544 0.000 0.000 0.000 0.000 0.000 0.000 0.000 0.000
416560.000 296.744 8192.000 5.836 0.000 0.000 0.000 0.000 2048.000 1.459
479696.000 307.121 0.000 0.000 0.000 0.000 0.000 0.000 0.000 0.000
442688.000 316.014 0.000 0.000 0.000 0.000 0.000 0.000 0.000 0.000
441536.000 316.287 0.000 0.000 0.000 0.000 0.000 0.000 0.000 0.000
447408.000 317.852 0.000 0.000 0.000 0.000 0.000 0.000 0.000 0.000
446144.000 316.311 0.000 0.000 0.000 0.000 0.000 0.000 0.000 0.000
445376.000 316.732 0.000 0.000 0.000 0.000 0.000 0.000 0.000 0.000
444224.000 316.178 0.000 0.000 0.000 0.000 0.000 0.000 0.000 0.000
490192.000 311.087 0.000 0.000 0.000 0.000 0.000 0.000 0.000 0.000
443200.000 316.228 0.000 0.000 0.000 0.000 0.000 0.000 0.000 0.000
445504.000 317.471 0.000 0.000 0.000 0.000 0.000 0.000 0.000 0.000
149168.000 97.978 8192.000 5.381 0.000 0.000 0.000 0.000 2048.000 1.345
