54272.000 45.784 37632.000 31.746 1808.000 1.525 184.000 0.155 1024.000 0.864
82048.000 52.994 91392.000 59.030 3056.000 1.974 176.000 0.114 2048.000 1.323
82816.000 63.562 121728.000 93.428 0.000 0.000 0.000 0.000 4608.000 3.537
18432.000 12.864 50304.000 35.107 0.000 0.000 0.000 0.000 1536.000 1.072
147456.000 106.443 100352.000 72.441 7760.000 5.602 176.000 0.127 4096.000 2.957
147456.000 112.932 114688.000 87.836 0.000 0.000 0.000 0.000 4096.000 3.137
147456.000 114.660 100352.000 78.032 0.000 0.000 0.000 0.000 3584.000 2.787
73728.000 54.102 86016.000 63.119 0.000 0.000 0.000 0.000 2560.000 1.879
0.000 0.000 0.000 0.000 0.000 0.000 0.000 0.000 0.000 0.000
127616.000 88.899 0.000 0.000 20736.000 14.445 464.000 0.323 0.000 0.000
176512.000 132.512 28672.000 21.525 768.000 0.577 0.000 0.000 256.000 0.192
164992.000 126.312 28672.000 21.950 1024.000 0.784 0.000 0.000 256.000 0.196
172672.000 132.633 28672.000 22.024 1024.000 0.787 0.000 0.000 256.000 0.197
169216.000 130.077 12648.000 9.723 768.000 0.590 0.000 0.000 256.000 0.197
217088.000 164.098 16016.000 12.107 1024.000 0.774 0.000 0.000 0.000 0.000
185088.000 141.358 28672.000 21.898 1024.000 0.782 0.000 0.000 256.000 0.196
208384.000 141.508 28672.000 19.470 1024.000 0.695 0.000 0.000 256.000 0.174
189952.000 137.856 28672.000 20.808 768.000 0.557 0.000 0.000 256.000 0.186
177920.000 135.976 28672.000 21.913 768.000 0.587 0.000 0.000 256.000 0.196
188416.000 143.771 28672.000 21.878 784.000 0.598 0.000 0.000 256.000 0.195
176384.000 135.896 28672.000 22.091 0.000 0.000 0.000 0.000 256.000 0.197
176384.000 135.273 14336.000 10.995 0.000 0.000 0.000 0.000 256.000 0.196
217088.000 167.322 14336.000 11.050 0.000 0.000 0.000 0.000 0.000 0.000
198016.000 142.435 28672.000 20.624 0.000 0.000 0.000 0.000 256.000 0.184
181888.000 138.387 28672.000 21.815 0.000 0.000 0.000 0.000 256.000 0.195
178304.000 136.985 28672.000 22.028 0.000 0.000 0.000 0.000 256.000 0.197
195328.000 142.283 28672.000 20.886 0.000 0.000 0.000 0.000 256.000 0.186
179584.000 137.318 28672.000 21.924 0.000 0.000 0.000 0.000 256.000 0.196
179456.000 136.297 28672.000 21.776 0.000 0.000 0.000 0.000 256.000 0.194
189952.000 145.237 0.000 0.000 0.000 0.000 0.000 0.000 128.000 0.098
215680.000 165.462 28672.000 21.996 0.000 0.000 0.000 0.000 128.000 0.098
201600.000 140.228 28672.000 19.944 0.000 0.000 0.000 0.000 256.000 0.178
179712.000 136.858 28672.000 21.835 0.000 0.000 0.000 0.000 256.000 0.195
176384.000 135.405 28672.000 22.011 0.000 0.000 0.000 0.000 256.000 0.197
184960.000 141.961 28672.000 22.006 0.000 0.000 0.000 0.000 256.000 0.196
181376.000 139.173 28672.000 22.001 0.000 0.000 0.000 0.000 256.000 0.196
180608.000 136.088 28672.000 21.604 0.000 0.000 0.000 0.000 256.000 0.193
184960.000 139.820 0.000 0.000 0.000 0.000 0.000 0.000 128.000 0.097
202752.000 147.913 28672.000 20.917 0.000 0.000 0.000 0.000 128.000 0.093
169216.000 128.908 28672.000 21.842 0.000 0.000 0.000 0.000 256.000 0.195
172928.000 133.031 28672.000 22.057 0.000 0.000 0.000 0.000 256.000 0.197
63360.000 42.331 28672.000 19.156 0.000 0.000 0.000 0.000 256.000 0.171
0.000 0.000 0.000 0.000 0.000 0.000 0.000 0.000 0.000 0.000
0.000 0.000 0.000 0.000 0.000 0.000 0.000 0.000 0.000 0.000
0.000 0.000 0.000 0.000 0.000 0.000 0.000 0.000 0.000 0.000
0.000 0.000 0.000 0.000 0.000 0.000 0.000 0.000 0.000 0.000
0.000 0.000 0.000 0.000 0.000 0.000 0.000 0.000 0.000 0.000
0.000 0.000 11648.000 7.596 15616.000 10.184 36.000 0.023 146944.000 95.832
0.000 0.000 34048.000 25.156 6656.000 4.918 0.000 0.000 408576.000 301.871
0.000 0.000 34944.000 26.057 6656.000 4.963 0.000 0.000 409472.000 305.335
0.000 0.000 34944.000 26.003 6912.000 5.144 0.000 0.000 407040.000 302.895
0.000 0.000 34944.000 25.798 6912.000 5.103 0.000 0.000 416256.000 307.313
0.000 0.000 38528.000 24.862 7680.000 4.956 0.000 0.000 466048.000 300.744
0.000 0.000 35840.000 26.622 6912.000 5.134 0.000 0.000 412800.000 306.634
0.000 0.000 34944.000 26.008 6912.000 5.144 0.000 0.000 416896.000 310.281
0.000 0.000 34944.000 26.097 6912.000 5.162 0.000 0.000 416768.000 311.246
0.000 0.000 34944.000 25.908 6912.000 5.125 0.000 0.000 418560.000 310.329
0.000 0.000 34944.000 26.126 6656.000 4.976 0.000 0.000 413696.000 309.301
0.000 0.000 34944.000 26.119 6912.000 5.166 0.000 0.000 417536.000 312.090
0.000 0.000 40320.000 26.024 7936.000 5.122 0.000 0.000 469376.000 302.954
0.000 0.000 34944.000 25.700 6912.000 5.084 0.000 0.000 421248.000 309.812
0.000 0.000 35840.000 26.546 6912.000 5.120 0.000 0.000 418688.000 310.116
0.000 0.000 34944.000 26.093 6912.000 5.161 0.000 0.000 416000.000 310.633
0.000 0.000 34944.000 26.031 6912.000 5.149 0.000 0.000 417024.000 310.660
0.000 0.000 34944.000 25.928 6912.000 5.129 0.000 0.000 414848.000 307.810
0.000 0.000 35840.000 26.599 6912.000 5.130 0.000 0.000 420224.000 311.868
0.000 0.000 34944.000 25.966 6912.000 5.136 0.000 0.000 419840.000 311.972
0.000 0.000 36736.000 25.823 7424.000 5.219 0.000 0.000 435840.000 306.364
0.000 0.000 34944.000 26.115 2400.000 1.794 0.000 0.000 412160.000 308.028
0.000 0.000 34944.000 26.105 0.000 0.000 0.000 0.000 419328.000 313.259
0.000 0.000 9856.000 6.493 0.000 0.000 0.000 0.000 103936.000 68.469
0.000 0.000 0.000 0.000 0.000 0.000 0.000 0.000 0.000 0.000
44288.000 28.833 0.000 0.000 13152.000 8.562 5620.000 3.659 0.000 0.000
375680.000 229.983 0.000 0.000 0.000 0.000 0.000 0.000 0.000 0.000
352128.000 250.374 0.000 0.000 0.000 0.000 0.000 0.000 0.000 0.000
266992.000 194.545 28672.000 20.892 0.000 0.000 0.000 0.000 2048.000 1.492
357904.000 258.530 0.000 0.000 0.000 0.000 0.000 0.000 0.000 0.000
275984.000 201.601 21016.000 15.352 0.000 0.000 0.000 0.000 2048.000 1.496
361584.000 258.666 7648.000 5.471 0.000 0.000 0.000 0.000 0.000 0.000
355104.000 254.849 0.000 0.000 0.000 0.000 0.000 0.000 0.000 0.000
286128.000 200.710 28672.000 20.113 0.000 0.000 0.000 0.000 2048.000 1.437
357552.000 254.977 0.000 0.000 0.000 0.000 0.000 0.000 0.000 0.000
329472.000 236.865 0.000 0.000 0.000 0.000 0.000 0.000 1024.000 0.736
306944.000 222.752 28672.000 20.808 0.000 0.000 0.000 0.000 1024.000 0.743
357168.000 257.608 0.000 0.000 0.000 0.000 0.000 0.000 0.000 0.000
270864.000 198.129 28672.000 20.973 0.000 0.000 0.000 0.000 2048.000 1.498
359216.000 258.527 0.000 0.000 0.000 0.000 0.000 0.000 0.000 0.000
356464.000 255.403 0.000 0.000 0.000 0.000 0.000 0.000 0.000 0.000
298128.000 204.376 28672.000 19.656 0.000 0.000 0.000 0.000 2048.000 1.404
375424.000 255.156 0.000 0.000 0.000 0.000 0.000 0.000 0.000 0.000
219392.000 158.472 28672.000 20.710 0.000 0.000 0.000 0.000 2048.000 1.479
174720.000 117.968 25088.000 16.939 2832.000 1.912 296.000 0.200 512.000 0.346
357760.000 266.607 54024.000 40.259 0.000 0.000 0.000 0.000 1536.000 1.145
217088.000 152.293 46320.000 32.495 10384.000 7.285 352.000 0.247 256.000 0.180
434176.000 329.440 100352.000 76.144 0.000 0.000 0.000 0.000 1024.000 0.777
434176.000 303.219 100352.000 70.084 0.000 0.000 0.000 0.000 1152.000 0.805
434176.000 334.020 100352.000 77.203 0.000 0.000 0.000 0.000 1024.000 0.788
217088.000 152.619 75264.000 52.913 0.000 0.000 0.000 0.000 640.000 0.450
0.000 0.000 0.000 0.000 0.000 0.000 0.000 0.000 0.000 0.000
0.000 0.000 0.000 0.000 0.000 0.000 0.000 0.000 0.000 0.000
0.000 0.000 0.000 0.000 5728.000 3.389 0.000 0.000 7296.000 4.317
0.000 0.000 18816.000 12.188 0.000 0.000 36.000 0.023 343936.000 222.785
0.000 0.000 21952.000 15.437 0.000 0.000 0.000 0.000 351232.000 246.997
0.000 0.000 21952.000 15.582 0.000 0.000 0.000 0.000 351232.000 249.318
0.000 0.000 25088.000 17.824 0.000 0.000 0.000 0.000 351744.000 249.894
23040.000 15.450 12544.000 8.411 736.000 0.494 464.000 0.311 200192.000 134.239
192000.000 134.497 37632.000 26.361 1328.000 0.930 36.000 0.025 76160.000 53.351
287616.000 184.733 28224.000 18.128 2016.000 1.295 1248.000 0.802 13440.000 8.632
214144.000 145.306 21952.000 14.895 0.000 0.000 0.000 0.000 896.000 0.608
