118976.000 98.555 44800.000 37.111 9120.000 7.555 40.000 0.033 3328.000 2.757
137280.000 91.620 55552.000 37.075 0.000 0.000 0.000 0.000 3840.000 2.563
0.000 0.000 12096.000 8.085 5472.000 3.657 16.000 0.011 198400.000 132.606
45312.000 32.806 25536.000 18.488 1600.000 1.158 800.000 0.579 203264.000 147.166
90624.000 67.909 62720.000 46.999 0.000 0.000 0.000 0.000 512.000 0.384
160960.000 118.502 25088.000 18.470 3728.000 2.745 800.000 0.589 512.000 0.377
190208.000 136.950 25088.000 18.063 0.000 0.000 0.000 0.000 512.000 0.369
169920.000 133.651 25088.000 19.733 0.000 0.000 0.000 0.000 512.000 0.403
90624.000 66.224 25088.000 18.333 4496.000 3.285 800.000 0.585 512.000 0.374
178944.000 135.723 25088.000 19.028 0.000 0.000 0.000 0.000 512.000 0.388
172224.000 133.749 25088.000 19.483 0.000 0.000 0.000 0.000 512.000 0.398
169920.000 133.169 25088.000 19.662 0.000 0.000 0.000 0.000 512.000 0.401
135936.000 106.550 25088.000 19.665 0.000 0.000 0.000 0.000 512.000 0.401
158592.000 117.005 0.000 0.000 4240.000 3.128 800.000 0.590 0.000 0.000
198848.000 139.274 25088.000 17.572 0.000 0.000 0.000 0.000 256.000 0.179
174976.000 136.684 25088.000 19.598 0.000 0.000 0.000 0.000 256.000 0.200
178816.000 141.169 25088.000 19.806 0.000 0.000 0.000 0.000 256.000 0.202
13760.000 9.082 25088.000 16.558 0.000 0.000 0.000 0.000 256.000 0.169
0.000 0.000 37632.000 26.210 1504.000 1.048 36.000 0.025 200704.000 139.786
0.000 0.000 50176.000 37.485 0.000 0.000 0.000 0.000 200704.000 149.940
200192.000 143.992 37632.000 27.068 10912.000 7.849 352.000 0.253 256.000 0.184
389376.000 281.677 100352.000 72.595 0.000 0.000 0.000 0.000 1024.000 0.741
387328.000 302.225 75264.000 58.727 0.000 0.000 0.000 0.000 896.000 0.699
365440.000 289.788 100352.000 79.577 0.000 0.000 0.000 0.000 896.000 0.711
394368.000 315.313 75264.000 60.177 0.000 0.000 0.000 0.000 896.000 0.716
0.000 0.000 25088.000 16.456 0.000 0.000 0.000 0.000 128.000 0.084
210944.000 138.707 0.000 0.000 13840.000 9.101 1420.000 0.934 0.000 0.000
422080.000 307.320 0.000 0.000 0.000 0.000 0.000 0.000 0.000 0.000
464256.000 308.560 0.000 0.000 0.000 0.000 0.000 0.000 0.000 0.000
429824.000 313.779 0.000 0.000 0.000 0.000 0.000 0.000 0.000 0.000
342144.000 252.306 25088.000 18.501 0.000 0.000 0.000 0.000 2048.000 1.510
434368.000 319.025 0.000 0.000 0.000 0.000 0.000 0.000 0.000 0.000
431552.000 319.330 0.000 0.000 0.000 0.000 0.000 0.000 0.000 0.000
428160.000 318.207 0.000 0.000 0.000 0.000 0.000 0.000 0.000 0.000
335936.000 251.662 25088.000 18.794 0.000 0.000 0.000 0.000 2048.000 1.534
448064.000 313.907 0.000 0.000 0.000 0.000 0.000 0.000 0.000 0.000
451008.000 318.583 0.000 0.000 0.000 0.000 0.000 0.000 0.000 0.000
387840.000 284.349 0.000 0.000 0.000 0.000 0.000 0.000 1024.000 0.751
391680.000 292.694 25088.000 18.748 0.000 0.000 0.000 0.000 1024.000 0.765
432064.000 317.580 0.000 0.000 0.000 0.000 0.000 0.000 0.000 0.000
432896.000 319.311 0.000 0.000 0.000 0.000 0.000 0.000 0.000 0.000
338752.000 253.189 25088.000 18.751 0.000 0.000 0.000 0.000 2048.000 1.531
124064.000 88.783 0.000 0.000 6864.000 4.912 128.000 0.092 0.000 0.000
298912.000 209.247 0.000 0.000 0.000 0.000 0.000 0.000 0.000 0.000
242400.000 182.580 25088.000 18.897 0.000 0.000 0.000 0.000 2048.000 1.543
205024.000 151.303 25088.000 18.514 0.000 0.000 0.000 0.000 2048.000 1.511
431616.000 307.598 0.000 0.000 1488.000 1.060 968.000 0.690 0.000 0.000
402688.000 274.081 25088.000 17.076 0.000 0.000 0.000 0.000 2048.000 1.394
414976.000 301.478 12544.000 9.113 0.000 0.000 0.000 0.000 2048.000 1.488
328576.000 232.833 12544.000 8.889 2704.000 1.916 968.000 0.686 0.000 0.000
419456.000 279.533 25088.000 16.719 0.000 0.000 0.000 0.000 2048.000 1.365
496384.000 354.203 0.000 0.000 0.000 0.000 0.000 0.000 0.000 0.000
390144.000 283.902 25088.000 18.256 0.000 0.000 0.000 0.000 2048.000 1.490
396032.000 285.946 25088.000 18.114 0.000 0.000 0.000 0.000 2048.000 1.479
467968.000 336.665 0.000 0.000 0.000 0.000 0.000 0.000 0.000 0.000
233088.000 162.791 25088.000 17.522 1120.000 0.782 968.000 0.676 2048.000 1.430
491136.000 358.630 0.000 0.000 0.000 0.000 0.000 0.000 0.000 0.000
499200.000 344.494 0.000 0.000 0.000 0.000 0.000 0.000 0.000 0.000
249088.000 181.238 25088.000 18.254 2832.000 2.061 968.000 0.704 2048.000 1.490
401280.000 266.247 25088.000 16.646 0.000 0.000 0.000 0.000 3072.000 2.038
344704.000 250.272 50176.000 36.430 0.000 0.000 0.000 0.000 3072.000 2.230
279936.000 195.156 25088.000 17.490 0.000 0.000 0.000 0.000 2048.000 1.428
427520.000 299.604 0.000 0.000 2192.000 1.536 968.000 0.678 0.000 0.000
479744.000 353.153 0.000 0.000 0.000 0.000 0.000 0.000 0.000 0.000
405632.000 278.858 25088.000 17.247 0.000 0.000 0.000 0.000 2048.000 1.408
485760.000 355.923 0.000 0.000 0.000 0.000 0.000 0.000 0.000 0.000
480384.000 358.311 0.000 0.000 0.000 0.000 0.000 0.000 0.000 0.000
219520.000 156.552 25088.000 17.892 0.000 0.000 0.000 0.000 2048.000 1.461
0.000 0.000 12288.000 8.772 6240.000 4.454 16.000 0.011 153472.000 109.553
0.000 0.000 4096.000 2.854 0.000 0.000 0.000 0.000 47232.000 32.914
