3104.000 0.220 16.000 0.001 15104.000 1.071 12.000 0.001 128.000 0.009
294336.000 206.554 1952.000 1.370 25344.000 17.786 0.000 0.000 15616.000 10.959
262608.000 204.761 1760.000 1.372 22784.000 17.765 0.000 0.000 14080.000 10.978
256320.000 201.685 1664.000 1.309 21760.000 17.122 0.000 0.000 13440.000 10.575
265616.000 201.922 1744.000 1.326 22528.000 17.126 0.000 0.000 13824.000 10.509
257872.000 201.275 1680.000 1.311 22016.000 17.184 0.000 0.000 13568.000 10.590
1815168.000 201.962 11888.000 1.323 154368.000 17.175 0.000 0.000 94976.000 10.567
271584.000 201.458 1776.000 1.317 23296.000 17.281 0.000 0.000 14208.000 10.539
256800.000 202.119 1664.000 1.310 21504.000 16.925 0.000 0.000 13376.000 10.528
266688.000 201.055 1760.000 1.327 23040.000 17.370 0.000 0.000 14016.000 10.567
251952.000 202.017 1648.000 1.321 21248.000 17.037 0.000 0.000 13184.000 10.571
254400.000 201.853 1664.000 1.320 21760.000 17.265 0.000 0.000 13312.000 10.562
254496.000 201.899 1664.000 1.320 21504.000 17.060 0.000 0.000 13312.000 10.561
254416.000 202.317 1664.000 1.323 21760.000 17.304 0.000 0.000 13312.000 10.586
256656.000 202.828 1664.000 1.315 21504.000 16.994 0.000 0.000 13312.000 10.520
2810864.000 202.134 18384.000 1.322 239104.000 17.194 0.000 0.000 147136.000 10.581
264192.000 202.227 1728.000 1.323 22528.000 17.244 0.000 0.000 13760.000 10.533
269088.000 201.425 1760.000 1.317 22784.000 17.055 0.000 0.000 14144.000 10.587
256848.000 202.236 1680.000 1.323 21760.000 17.133 0.000 0.000 13376.000 10.532
254496.000 201.351 1680.000 1.329 22016.000 17.419 0.000 0.000 13440.000 10.633
256752.000 202.865 1664.000 1.315 21504.000 16.991 0.000 0.000 13312.000 10.518
1812720.000 202.095 11856.000 1.322 154112.000 17.181 0.000 0.000 94912.000 10.581
261744.000 202.640 1712.000 1.325 22272.000 17.243 0.000 0.000 13632.000 10.554
275792.000 201.151 1808.000 1.319 23552.000 17.178 0.000 0.000 14464.000 10.549
257488.000 202.264 1680.000 1.320 21760.000 17.093 0.000 0.000 13440.000 10.557
254672.000 200.817 1680.000 1.325 21760.000 17.158 0.000 0.000 13440.000 10.598
268816.000 201.877 1760.000 1.322 23040.000 17.303 0.000 0.000 14080.000 10.574
257504.000 201.999 1680.000 1.318 21760.000 17.070 0.000 0.000 13440.000 10.543
256848.000 202.099 1680.000 1.322 21760.000 17.122 0.000 0.000 13440.000 10.575
253744.000 201.805 1664.000 1.323 21760.000 17.306 0.000 0.000 13312.000 10.587
2793600.000 202.235 18256.000 1.322 237312.000 17.180 0.000 0.000 146048.000 10.573
269872.000 200.949 1776.000 1.322 23040.000 17.156 0.000 0.000 14208.000 10.579
258256.000 202.663 1680.000 1.318 22016.000 17.277 0.000 0.000 13440.000 10.547
254800.000 200.617 1680.000 1.323 21760.000 17.133 0.000 0.000 13440.000 10.582
256848.000 202.106 1680.000 1.322 21760.000 17.122 0.000 0.000 13440.000 10.576
256800.000 202.703 1664.000 1.313 21760.000 17.176 0.000 0.000 13376.000 10.558
1825648.000 202.024 11952.000 1.323 155392.000 17.195 0.000 0.000 95552.000 10.574
263408.000 202.593 1712.000 1.317 22272.000 17.130 0.000 0.000 13696.000 10.534
271632.000 200.354 1792.000 1.322 23296.000 17.183 0.000 0.000 14336.000 10.574
259200.000 202.887 1680.000 1.315 21760.000 17.032 0.000 0.000 13440.000 10.520
255440.000 201.489 1680.000 1.325 21760.000 17.164 0.000 0.000 13440.000 10.601
253360.000 202.463 1648.000 1.317 21504.000 17.184 0.000 0.000 13184.000 10.535
254496.000 201.243 1664.000 1.316 21760.000 17.207 0.000 0.000 13376.000 10.577
254448.000 201.532 1680.000 1.331 21760.000 17.235 0.000 0.000 13376.000 10.594
256800.000 202.872 1664.000 1.315 21504.000 16.988 0.000 0.000 13312.000 10.517
253760.000 201.773 1664.000 1.323 21760.000 17.302 0.000 0.000 13312.000 10.585
2807264.000 202.102 18368.000 1.322 238592.000 17.177 0.000 0.000 146944.000 10.579
268304.000 201.679 1760.000 1.323 23040.000 17.319 0.000 0.000 14080.000 10.584
258144.000 202.337 1680.000 1.317 21760.000 17.056 0.000 0.000 13440.000 10.534
255552.000 202.088 1664.000 1.316 21760.000 17.208 0.000 0.000 13312.000 10.527
254544.000 201.008 1680.000 1.327 21760.000 17.183 0.000 0.000 13440.000 10.613
258256.000 202.864 1680.000 1.320 21760.000 17.093 0.000 0.000 13440.000 10.557
1814016.000 202.033 11872.000 1.322 154368.000 17.192 0.000 0.000 94976.000 10.578
271136.000 202.559 1760.000 1.315 22784.000 17.021 0.000 0.000 14080.000 10.519
256944.000 200.971 1696.000 1.327 22272.000 17.420 0.000 0.000 13568.000 10.612
256752.000 202.719 1664.000 1.314 21504.000 16.979 0.000 0.000 13312.000 10.511
254544.000 201.168 1680.000 1.328 21760.000 17.197 0.000 0.000 13440.000 10.622
255552.000 202.780 1664.000 1.320 21760.000 17.267 0.000 0.000 13312.000 10.563
255552.000 201.673 1680.000 1.326 21760.000 17.172 0.000 0.000 13440.000 10.606
282864.000 205.692 1856.000 1.350 24064.000 17.499 0.000 0.000 14848.000 10.797
263872.000 208.231 1760.000 1.389 16544.000 13.055 0.000 0.000 14208.000 11.212
93568.000 6.637 640.000 0.045 0.000 0.000 0.000 0.000 4992.000 0.354
0.000 0.000 0.000 0.000 0.000 0.000 0.000 0.000 0.000 0.000
0.000 0.000 0.000 0.000 0.000 0.000 0.000 0.000 0.000 0.000
0.000 0.000 0.000 0.000 0.000 0.000 0.000 0.000 0.000 0.000
0.000 0.000 0.000 0.000 0.000 0.000 0.000 0.000 0.000 0.000
0.000 0.000 0.000 0.000 0.000 0.000 0.000 0.000 0.000 0.000
120768.000 10.406 1760.000 0.152 59392.000 5.117 12.000 0.001 14144.000 1.219
115600.000 89.032 1712.000 1.319 39168.000 30.166 0.000 0.000 13632.000 10.499
114784.000 89.430 1680.000 1.309 38656.000 30.117 0.000 0.000 13440.000 10.471
113712.000 89.139 1680.000 1.317 38656.000 30.303 0.000 0.000 13440.000 10.536
114496.000 89.631 1680.000 1.315 38656.000 30.261 0.000 0.000 13440.000 10.521
113296.000 89.330 1664.000 1.312 38400.000 30.277 0.000 0.000 13312.000 10.496
125520.000 89.296 1840.000 1.309 42496.000 30.232 0.000 0.000 14848.000 10.563
822256.000 89.700 12096.000 1.320 278016.000 30.329 0.000 0.000 96640.000 10.542
116160.000 89.500 1712.000 1.319 39424.000 30.376 0.000 0.000 13696.000 10.553
120080.000 89.690 1760.000 1.315 40448.000 30.211 0.000 0.000 14080.000 10.517
113280.000 89.506 1664.000 1.315 38400.000 30.341 0.000 0.000 13440.000 10.619
113424.000 89.815 1680.000 1.330 38400.000 30.407 0.000 0.000 13312.000 10.541
112880.000 89.403 1664.000 1.318 38144.000 30.211 0.000 0.000 13312.000 10.543
114240.000 89.961 1664.000 1.310 38400.000 30.239 0.000 0.000 13312.000 10.483
112896.000 89.471 1664.000 1.319 38400.000 30.432 0.000 0.000 13312.000 10.550
113408.000 89.773 1680.000 1.330 38400.000 30.397 0.000 0.000 13440.000 10.639
113152.000 89.653 1648.000 1.306 38400.000 30.425 0.000 0.000 13312.000 10.547
621248.000 28.772 9152.000 0.424 191456.000 8.867 0.000 0.000 73088.000 3.385
