122880.000 19.227 1208.000 0.189 7552.000 1.182 304.000 0.048 768.000 0.120
306688.000 215.282 84800.000 59.526 0.000 0.000 0.000 0.000 2304.000 1.617
307584.000 232.177 57344.000 43.286 0.000 0.000 0.000 0.000 2048.000 1.546
123008.000 94.691 57344.000 44.143 0.000 0.000 0.000 0.000 2048.000 1.577
0.000 0.000 0.000 0.000 0.000 0.000 0.000 0.000 0.000 0.000
0.000 0.000 0.000 0.000 0.000 0.000 0.000 0.000 0.000 0.000
0.000 0.000 0.000 0.000 0.000 0.000 0.000 0.000 0.000 0.000
0.000 0.000 0.000 0.000 0.000 0.000 0.000 0.000 0.000 0.000
0.000 0.000 0.000 0.000 0.000 0.000 0.000 0.000 0.000 0.000
0.000 0.000 0.000 0.000 0.000 0.000 0.000 0.000 0.000 0.000
0.000 0.000 0.000 0.000 0.000 0.000 0.000 0.000 0.000 0.000
0.000 0.000 0.000 0.000 0.000 0.000 0.000 0.000 0.000 0.000
966080.000 151.868 150528.000 23.663 7456.000 1.172 1100.000 0.173 4608.000 0.724
183488.000 136.520 25088.000 18.666 0.000 0.000 0.000 0.000 256.000 0.190
107904.000 82.867 25088.000 19.267 0.000 0.000 0.000 0.000 256.000 0.197
594432.000 100.717 75264.000 12.752 4368.000 0.740 800.000 0.136 768.000 0.130
130560.000 95.134 25088.000 18.281 0.000 0.000 0.000 0.000 256.000 0.187
840192.000 233.216 175616.000 48.747 10896.000 3.024 352.000 0.098 1792.000 0.497
381952.000 271.850 100352.000 71.424 0.000 0.000 0.000 0.000 1024.000 0.729
406016.000 311.520 87808.000 67.372 0.000 0.000 0.000 0.000 1024.000 0.786
108544.000 85.113 37632.000 29.508 0.000 0.000 0.000 0.000 256.000 0.201
0.000 0.000 0.000 0.000 0.000 0.000 0.000 0.000 0.000 0.000
0.000 0.000 0.000 0.000 0.000 0.000 0.000 0.000 0.000 0.000
0.000 0.000 0.000 0.000 0.000 0.000 0.000 0.000 0.000 0.000
0.000 0.000 0.000 0.000 0.000 0.000 0.000 0.000 0.000 0.000
0.000 0.000 0.000 0.000 0.000 0.000 0.000 0.000 0.000 0.000
985600.000 118.897 25088.000 3.026 21504.000 2.594 744.000 0.090 512.000 0.062
248448.000 178.882 0.000 0.000 1024.000 0.737 0.000 0.000 0.000 0.000
263552.000 181.220 0.000 0.000 768.000 0.528 0.000 0.000 0.000 0.000
204800.000 151.017 25088.000 18.500 1280.000 0.944 0.000 0.000 512.000 0.378
248320.000 181.694 0.000 0.000 768.000 0.562 0.000 0.000 0.000 0.000
249344.000 183.427 0.000 0.000 1024.000 0.753 0.000 0.000 0.000 0.000
244608.000 179.499 0.000 0.000 768.000 0.564 0.000 0.000 0.000 0.000
204800.000 151.177 25088.000 18.519 1280.000 0.945 0.000 0.000 512.000 0.378
244992.000 179.984 0.000 0.000 768.000 0.564 0.000 0.000 0.000 0.000
267584.000 180.700 0.000 0.000 1024.000 0.692 0.000 0.000 0.000 0.000
220608.000 157.505 25088.000 17.912 1024.000 0.731 0.000 0.000 512.000 0.366
255424.000 186.615 0.000 0.000 1024.000 0.748 0.000 0.000 0.000 0.000
256640.000 187.843 0.000 0.000 1024.000 0.749 0.000 0.000 0.000 0.000
229824.000 169.301 0.000 0.000 768.000 0.566 0.000 0.000 256.000 0.189
238464.000 176.145 25088.000 18.532 1024.000 0.756 0.000 0.000 256.000 0.189
255872.000 186.204 0.000 0.000 1024.000 0.745 0.000 0.000 0.000 0.000
269568.000 188.547 0.000 0.000 1024.000 0.716 0.000 0.000 0.000 0.000
216448.000 158.810 25088.000 18.407 1024.000 0.751 0.000 0.000 512.000 0.376
253440.000 183.908 0.000 0.000 1024.000 0.743 0.000 0.000 0.000 0.000
256192.000 187.794 0.000 0.000 768.000 0.563 0.000 0.000 0.000 0.000
206208.000 152.478 19752.000 14.605 768.000 0.568 0.000 0.000 512.000 0.379
277760.000 191.075 5328.000 3.665 1280.000 0.881 0.000 0.000 0.000 0.000
256512.000 187.096 0.000 0.000 1024.000 0.747 0.000 0.000 0.000 0.000
264576.000 187.034 0.000 0.000 1024.000 0.724 0.000 0.000 0.000 0.000
218368.000 159.702 25088.000 18.348 1024.000 0.749 0.000 0.000 512.000 0.374
254016.000 185.612 0.000 0.000 768.000 0.561 0.000 0.000 0.000 0.000
256256.000 187.560 0.000 0.000 1024.000 0.749 0.000 0.000 0.000 0.000
216064.000 158.172 25088.000 18.366 1024.000 0.750 0.000 0.000 512.000 0.375
256320.000 187.738 0.000 0.000 1024.000 0.750 0.000 0.000 0.000 0.000
251712.000 184.429 0.000 0.000 768.000 0.563 0.000 0.000 0.000 0.000
258048.000 188.801 0.000 0.000 1024.000 0.749 0.000 0.000 0.000 0.000
228672.000 159.506 25088.000 17.500 1024.000 0.714 0.000 0.000 512.000 0.357
255168.000 185.447 0.000 0.000 1024.000 0.744 0.000 0.000 0.000 0.000
278208.000 187.193 0.000 0.000 1024.000 0.689 0.000 0.000 0.000 0.000
213312.000 157.605 25088.000 18.536 144.000 0.106 0.000 0.000 512.000 0.378
258624.000 188.734 0.000 0.000 0.000 0.000 0.000 0.000 0.000 0.000
256704.000 188.643 0.000 0.000 0.000 0.000 0.000 0.000 0.000 0.000
238464.000 174.406 0.000 0.000 0.000 0.000 0.000 0.000 0.000 0.000
234752.000 163.422 25088.000 17.465 0.000 0.000 0.000 0.000 512.000 0.356
251648.000 183.674 0.000 0.000 0.000 0.000 0.000 0.000 0.000 0.000
243200.000 178.136 0.000 0.000 0.000 0.000 0.000 0.000 0.000 0.000
204800.000 151.916 25088.000 18.610 0.000 0.000 0.000 0.000 512.000 0.380
246464.000 181.152 0.000 0.000 0.000 0.000 0.000 0.000 0.000 0.000
248512.000 183.121 0.000 0.000 0.000 0.000 0.000 0.000 0.000 0.000
209024.000 153.913 12544.000 9.237 0.000 0.000 0.000 0.000 512.000 0.377
256000.000 179.000 12544.000 8.771 0.000 0.000 0.000 0.000 0.000 0.000
248448.000 180.561 0.000 0.000 0.000 0.000 0.000 0.000 0.000 0.000
269056.000 180.404 0.000 0.000 0.000 0.000 0.000 0.000 0.000 0.000
206464.000 153.010 25088.000 18.593 0.000 0.000 0.000 0.000 512.000 0.379
248832.000 181.556 0.000 0.000 0.000 0.000 0.000 0.000 0.000 0.000
246784.000 179.649 0.000 0.000 0.000 0.000 0.000 0.000 0.000 0.000
162816.000 117.676 25088.000 18.132 0.000 0.000 0.000 0.000 512.000 0.370
0.000 0.000 0.000 0.000 0.000 0.000 0.000 0.000 0.000 0.000
152000.000 106.388 0.000 0.000 18432.000 12.901 128.000 0.090 0.000 0.000
338496.000 247.805 12544.000 9.183 2048.000 1.499 0.000 0.000 1024.000 0.750
370848.000 271.797 12544.000 9.194 2560.000 1.876 0.000 0.000 0.000 0.000
340624.000 252.458 25088.000 18.594 2304.000 1.708 0.000 0.000 1024.000 0.759
347024.000 254.747 25088.000 18.417 1424.000 1.045 0.000 0.000 1024.000 0.752
389232.000 286.592 0.000 0.000 0.000 0.000 0.000 0.000 0.000 0.000
344624.000 239.570 25088.000 17.440 0.000 0.000 0.000 0.000 1024.000 0.712
340656.000 247.293 25088.000 18.212 0.000 0.000 0.000 0.000 1024.000 0.743
349488.000 256.277 25088.000 18.397 0.000 0.000 0.000 0.000 1024.000 0.751
394096.000 288.755 0.000 0.000 0.000 0.000 0.000 0.000 0.000 0.000
365024.000 257.855 25088.000 17.722 0.000 0.000 0.000 0.000 1024.000 0.723
191856.000 131.905 25088.000 17.249 0.000 0.000 0.000 0.000 1024.000 0.704
0.000 0.000 0.000 0.000 0.000 0.000 0.000 0.000 0.000 0.000
0.000 0.000 0.000 0.000 0.000 0.000 0.000 0.000 0.000 0.000
0.000 0.000 22736.000 15.488 6240.000 4.251 16.000 0.011 366464.000 249.642
0.000 0.000 25872.000 18.035 0.000 0.000 0.000 0.000 422528.000 294.533
365312.000 250.209 1568.000 1.074 1440.000 0.986 968.000 0.663 13824.000 9.468
393216.000 280.430 25088.000 17.892 0.000 0.000 0.000 0.000 2048.000 1.461
490752.000 343.924 0.000 0.000 0.000 0.000 0.000 0.000 0.000 0.000
0.000 0.000 25088.000 17.412 0.000 0.000 0.000 0.000 2048.000 1.421
0.000 0.000 16384.000 10.983 11360.000 7.615 36.000 0.024 200704.000 134.543
