100992.000 10.738 57344.000 6.097 13584.000 1.444 176.000 0.019 1024.000 0.109
190976.000 127.888 143360.000 96.002 0.000 0.000 0.000 0.000 2560.000 1.714
408448.000 123.288 315392.000 95.199 0.000 0.000 0.000 0.000 5888.000 1.777
147456.000 114.126 129024.000 99.860 0.000 0.000 0.000 0.000 2304.000 1.783
184320.000 139.347 129024.000 97.543 0.000 0.000 0.000 0.000 2048.000 1.548
0.000 0.000 28672.000 22.547 0.000 0.000 0.000 0.000 512.000 0.403
0.000 0.000 0.000 0.000 0.000 0.000 0.000 0.000 0.000 0.000
0.000 0.000 0.000 0.000 0.000 0.000 0.000 0.000 0.000 0.000
1218656.000 148.121 28672.000 3.485 12912.000 1.569 5616.000 0.683 1024.000 0.124
369792.000 254.546 0.000 0.000 0.000 0.000 0.000 0.000 0.000 0.000
293616.000 197.390 28672.000 19.275 0.000 0.000 0.000 0.000 1024.000 0.688
355248.000 253.765 0.000 0.000 0.000 0.000 0.000 0.000 0.000 0.000
282384.000 204.116 19904.000 14.387 0.000 0.000 0.000 0.000 1024.000 0.740
351984.000 255.936 8768.000 6.375 0.000 0.000 0.000 0.000 0.000 0.000
356352.000 258.181 0.000 0.000 0.000 0.000 0.000 0.000 0.000 0.000
271440.000 198.950 28672.000 21.015 0.000 0.000 0.000 0.000 1024.000 0.751
353584.000 255.568 0.000 0.000 0.000 0.000 0.000 0.000 0.000 0.000
3200256.000 223.269 198912.000 13.877 8272.000 0.577 424.000 0.030 11776.000 0.822
0.000 0.000 0.000 0.000 0.000 0.000 0.000 0.000 0.000 0.000
0.000 0.000 0.000 0.000 0.000 0.000 0.000 0.000 0.000 0.000
0.000 0.000 0.000 0.000 0.000 0.000 0.000 0.000 0.000 0.000
0.000 0.000 0.000 0.000 0.000 0.000 0.000 0.000 0.000 0.000
0.000 0.000 0.000 0.000 0.000 0.000 0.000 0.000 0.000 0.000
74240.000 21.678 43904.000 12.820 5456.000 1.593 944.000 0.276 127232.000 37.151
