162816.000 28.159 150528.000 26.033 2640.000 0.457 352.000 0.061 3072.000 0.531
0.000 0.000 0.000 0.000 0.000 0.000 0.000 0.000 0.000 0.000
0.000 0.000 0.000 0.000 0.000 0.000 0.000 0.000 0.000 0.000
0.000 0.000 0.000 0.000 0.000 0.000 0.000 0.000 0.000 0.000
0.000 0.000 0.000 0.000 0.000 0.000 0.000 0.000 0.000 0.000
807296.000 57.040 137984.000 9.749 14720.000 1.040 2100.000 0.148 202752.000 14.325
251200.000 165.673 18816.000 12.410 0.000 0.000 0.000 0.000 384.000 0.253
281344.000 189.516 0.000 0.000 0.000 0.000 0.000 0.000 0.000 0.000
233344.000 165.593 18816.000 13.353 0.000 0.000 0.000 0.000 384.000 0.273
290048.000 188.847 0.000 0.000 0.000 0.000 0.000 0.000 0.000 0.000
2163712.000 104.336 94080.000 4.537 10512.000 0.507 1136.000 0.055 1920.000 0.093
256960.000 158.032 18816.000 11.572 0.000 0.000 0.000 0.000 384.000 0.236
0.000 0.000 0.000 0.000 0.000 0.000 0.000 0.000 0.000 0.000
0.000 0.000 0.000 0.000 0.000 0.000 0.000 0.000 0.000 0.000
0.000 0.000 0.000 0.000 0.000 0.000 0.000 0.000 0.000 0.000
0.000 0.000 0.000 0.000 0.000 0.000 0.000 0.000 0.000 0.000
0.000 0.000 0.000 0.000 0.000 0.000 0.000 0.000 0.000 0.000
746016.000 115.642 18816.000 2.917 10512.000 1.629 1136.000 0.176 384.000 0.060
248096.000 168.745 18816.000 12.798 0.000 0.000 0.000 0.000 384.000 0.261
251840.000 187.732 0.000 0.000 0.000 0.000 0.000 0.000 0.000 0.000
221056.000 166.808 18816.000 14.199 0.000 0.000 0.000 0.000 384.000 0.290
1086976.000 163.145 37632.000 5.648 10512.000 1.578 1136.000 0.171 768.000 0.115
259456.000 191.336 0.000 0.000 0.000 0.000 0.000 0.000 0.000 0.000
219392.000 165.357 18816.000 14.182 0.000 0.000 0.000 0.000 384.000 0.289
1082160.000 152.085 56448.000 7.933 5120.000 0.720 2108.000 0.296 301824.000 42.418
454688.000 293.506 0.000 0.000 0.000 0.000 0.000 0.000 0.000 0.000
462032.000 309.062 0.000 0.000 0.000 0.000 0.000 0.000 0.000 0.000
1556192.000 268.110 37632.000 6.483 2720.000 0.469 2092.000 0.360 6144.000 1.059
0.000 0.000 0.000 0.000 0.000 0.000 0.000 0.000 0.000 0.000
0.000 0.000 0.000 0.000 0.000 0.000 0.000 0.000 0.000 0.000
0.000 0.000 0.000 0.000 0.000 0.000 0.000 0.000 0.000 0.000
0.000 0.000 0.000 0.000 0.000 0.000 0.000 0.000 0.000 0.000
1364736.000 204.565 18816.000 2.820 2720.000 0.408 2092.000 0.314 3072.000 0.460
0.000 0.000 0.000 0.000 0.000 0.000 0.000 0.000 0.000 0.000
0.000 0.000 0.000 0.000 0.000 0.000 0.000 0.000 0.000 0.000
1364736.000 239.586 18816.000 3.303 2720.000 0.478 2092.000 0.367 3072.000 0.539
0.000 0.000 0.000 0.000 0.000 0.000 0.000 0.000 0.000 0.000
0.000 0.000 0.000 0.000 0.000 0.000 0.000 0.000 0.000 0.000
0.000 0.000 0.000 0.000 0.000 0.000 0.000 0.000 0.000 0.000
0.000 0.000 0.000 0.000 0.000 0.000 0.000 0.000 0.000 0.000
148736.000 102.266 21952.000 15.094 1360.000 0.935 1148.000 0.789 3584.000 2.464
183200.000 131.536 32928.000 23.642 7984.000 5.732 2664.000 1.913 3072.000 2.206
436800.000 307.171 0.000 0.000 0.000 0.000 0.000 0.000 0.000 0.000
434960.000 311.012 0.000 0.000 0.000 0.000 0.000 0.000 0.000 0.000
435840.000 310.739 0.000 0.000 0.000 0.000 0.000 0.000 0.000 0.000
396064.000 284.523 14112.000 10.138 0.000 0.000 0.000 0.000 1152.000 0.828
438864.000 312.348 0.000 0.000 0.000 0.000 0.000 0.000 0.000 0.000
502256.000 300.527 0.000 0.000 0.000 0.000 0.000 0.000 0.000 0.000
335600.000 234.853 14112.000 9.876 0.000 0.000 0.000 0.000 1152.000 0.806
364816.000 257.344 0.000 0.000 7568.000 5.339 1584.000 1.117 0.000 0.000
435408.000 310.168 0.000 0.000 0.000 0.000 0.000 0.000 0.000 0.000
437696.000 311.065 0.000 0.000 0.000 0.000 0.000 0.000 0.000 0.000
398272.000 285.324 14112.000 10.110 0.000 0.000 0.000 0.000 1152.000 0.825
437936.000 311.720 0.000 0.000 0.000 0.000 0.000 0.000 0.000 0.000
441152.000 283.752 0.000 0.000 0.000 0.000 0.000 0.000 0.000 0.000
436560.000 309.209 0.000 0.000 0.000 0.000 0.000 0.000 0.000 0.000
147040.000 103.360 14112.000 9.920 0.000 0.000 0.000 0.000 1152.000 0.810
