132352.000 37.304 0.000 0.000 18944.000 5.339 432.000 0.122 0.000 0.000
237440.000 168.738 0.000 0.000 768.000 0.546 0.000 0.000 0.000 0.000
184832.000 138.789 28672.000 21.530 1024.000 0.769 0.000 0.000 512.000 0.384
226048.000 169.515 0.000 0.000 768.000 0.576 0.000 0.000 0.000 0.000
188928.000 142.403 28672.000 21.611 1024.000 0.772 0.000 0.000 512.000 0.386
242560.000 179.093 0.000 0.000 768.000 0.567 0.000 0.000 0.000 0.000
863104.000 164.349 57344.000 10.919 3328.000 0.634 0.000 0.000 1024.000 0.195
202112.000 150.564 14336.000 10.680 768.000 0.572 0.000 0.000 512.000 0.381
241152.000 180.935 14336.000 10.756 1024.000 0.768 0.000 0.000 0.000 0.000
225792.000 160.663 0.000 0.000 768.000 0.546 0.000 0.000 256.000 0.182
241792.000 169.613 28672.000 20.113 1024.000 0.718 0.000 0.000 256.000 0.180
225152.000 167.412 0.000 0.000 768.000 0.571 0.000 0.000 0.000 0.000
217856.000 163.468 28672.000 21.514 1024.000 0.768 0.000 0.000 512.000 0.384
234496.000 176.630 0.000 0.000 768.000 0.578 0.000 0.000 0.000 0.000
196224.000 148.960 28672.000 21.766 1024.000 0.777 0.000 0.000 512.000 0.389
241536.000 180.274 0.000 0.000 768.000 0.573 0.000 0.000 0.000 0.000
196992.000 148.972 28672.000 21.683 768.000 0.581 0.000 0.000 512.000 0.387
255360.000 182.768 0.000 0.000 1024.000 0.733 0.000 0.000 0.000 0.000
204288.000 146.068 28672.000 20.501 768.000 0.549 0.000 0.000 512.000 0.366
245760.000 183.324 0.000 0.000 768.000 0.573 0.000 0.000 0.000 0.000
192000.000 145.582 28672.000 21.740 1024.000 0.776 0.000 0.000 512.000 0.388
244480.000 182.606 0.000 0.000 768.000 0.574 0.000 0.000 0.000 0.000
193280.000 145.985 28672.000 21.656 1024.000 0.773 0.000 0.000 512.000 0.387
243456.000 182.221 0.000 0.000 768.000 0.575 0.000 0.000 0.000 0.000
194304.000 146.563 28672.000 21.627 768.000 0.579 0.000 0.000 512.000 0.386
258304.000 182.949 0.000 0.000 1024.000 0.725 0.000 0.000 0.000 0.000
208640.000 148.898 28672.000 20.462 768.000 0.548 0.000 0.000 512.000 0.365
240256.000 178.976 0.000 0.000 1024.000 0.763 0.000 0.000 0.000 0.000
197504.000 148.975 28672.000 21.627 512.000 0.386 0.000 0.000 512.000 0.386
240128.000 179.116 0.000 0.000 1280.000 0.955 0.000 0.000 0.000 0.000
197632.000 149.410 14336.000 10.838 512.000 0.387 0.000 0.000 512.000 0.387
236928.000 178.032 14336.000 10.772 1024.000 0.769 0.000 0.000 0.000 0.000
230016.000 165.835 0.000 0.000 768.000 0.554 0.000 0.000 256.000 0.185
218880.000 163.387 28672.000 21.403 1024.000 0.764 0.000 0.000 256.000 0.191
243840.000 183.775 0.000 0.000 768.000 0.579 0.000 0.000 0.000 0.000
193920.000 146.566 28672.000 21.670 288.000 0.218 0.000 0.000 512.000 0.387
254464.000 179.463 0.000 0.000 0.000 0.000 0.000 0.000 0.000 0.000
197888.000 149.364 28672.000 21.641 0.000 0.000 0.000 0.000 512.000 0.386
239872.000 179.424 0.000 0.000 0.000 0.000 0.000 0.000 0.000 0.000
197888.000 148.692 28672.000 21.544 0.000 0.000 0.000 0.000 512.000 0.385
261504.000 183.111 0.000 0.000 0.000 0.000 0.000 0.000 0.000 0.000
190848.000 145.675 28672.000 21.886 0.000 0.000 0.000 0.000 512.000 0.391
239744.000 180.185 0.000 0.000 0.000 0.000 0.000 0.000 0.000 0.000
198016.000 149.768 28672.000 21.686 0.000 0.000 0.000 0.000 512.000 0.387
238592.000 178.341 0.000 0.000 0.000 0.000 0.000 0.000 0.000 0.000
198912.000 150.395 28672.000 21.679 0.000 0.000 0.000 0.000 512.000 0.387
235136.000 176.101 0.000 0.000 0.000 0.000 0.000 0.000 0.000 0.000
217472.000 152.179 28672.000 20.064 0.000 0.000 0.000 0.000 512.000 0.358
243584.000 180.643 0.000 0.000 0.000 0.000 0.000 0.000 0.000 0.000
194176.000 146.717 28672.000 21.664 0.000 0.000 0.000 0.000 512.000 0.387
241024.000 180.697 0.000 0.000 0.000 0.000 0.000 0.000 0.000 0.000
196736.000 147.914 14336.000 10.778 0.000 0.000 0.000 0.000 512.000 0.385
226944.000 170.007 14336.000 10.739 0.000 0.000 0.000 0.000 0.000 0.000
211328.000 157.651 0.000 0.000 0.000 0.000 0.000 0.000 0.000 0.000
198784.000 151.221 28672.000 21.812 0.000 0.000 0.000 0.000 512.000 0.389
239488.000 169.319 0.000 0.000 0.000 0.000 0.000 0.000 0.000 0.000
0.000 0.000 28672.000 19.047 0.000 0.000 0.000 0.000 512.000 0.340
0.000 0.000 0.000 0.000 0.000 0.000 0.000 0.000 0.000 0.000
0.000 0.000 0.000 0.000 0.000 0.000 0.000 0.000 0.000 0.000
109568.000 72.521 0.000 0.000 18944.000 12.539 432.000 0.286 0.000 0.000
232832.000 169.843 0.000 0.000 768.000 0.560 0.000 0.000 0.000 0.000
185600.000 139.516 28672.000 21.553 1024.000 0.770 0.000 0.000 512.000 0.385
238976.000 167.085 0.000 0.000 768.000 0.537 0.000 0.000 0.000 0.000
196864.000 148.093 28672.000 21.569 1024.000 0.770 0.000 0.000 512.000 0.385
235776.000 175.568 0.000 0.000 768.000 0.572 0.000 0.000 0.000 0.000
202240.000 152.263 28672.000 21.587 512.000 0.385 0.000 0.000 512.000 0.385
236160.000 176.768 0.000 0.000 1024.000 0.766 0.000 0.000 0.000 0.000
201600.000 150.864 28672.000 21.456 768.000 0.575 0.000 0.000 512.000 0.383
241664.000 179.063 0.000 0.000 1024.000 0.759 0.000 0.000 0.000 0.000
205568.000 145.810 28672.000 20.337 768.000 0.545 0.000 0.000 512.000 0.363
248576.000 186.219 0.000 0.000 1024.000 0.767 0.000 0.000 0.000 0.000
208896.000 156.049 0.000 0.000 768.000 0.574 0.000 0.000 256.000 0.191
232704.000 174.169 28672.000 21.460 1024.000 0.766 0.000 0.000 256.000 0.192
234240.000 160.480 0.000 0.000 768.000 0.526 0.000 0.000 256.000 0.175
219776.000 165.111 28672.000 21.540 1024.000 0.769 0.000 0.000 256.000 0.192
247168.000 185.319 0.000 0.000 768.000 0.576 0.000 0.000 0.000 0.000
204288.000 145.570 28672.000 20.431 1024.000 0.730 0.000 0.000 512.000 0.365
248064.000 182.073 0.000 0.000 768.000 0.564 0.000 0.000 0.000 0.000
195456.000 147.986 28672.000 21.709 1024.000 0.775 0.000 0.000 512.000 0.388
242304.000 181.995 0.000 0.000 768.000 0.577 0.000 0.000 0.000 0.000
195072.000 146.372 28672.000 21.514 768.000 0.576 0.000 0.000 512.000 0.384
1293312.000 164.300 86016.000 10.927 4864.000 0.618 0.000 0.000 1536.000 0.195
248064.000 177.743 0.000 0.000 1280.000 0.917 0.000 0.000 0.000 0.000
197504.000 149.563 28672.000 21.712 512.000 0.388 0.000 0.000 512.000 0.388
240256.000 181.619 0.000 0.000 1024.000 0.774 0.000 0.000 0.000 0.000
204288.000 153.697 0.000 0.000 768.000 0.578 0.000 0.000 256.000 0.193
233472.000 170.722 28672.000 20.966 1024.000 0.749 0.000 0.000 256.000 0.187
233472.000 174.666 0.000 0.000 768.000 0.575 0.000 0.000 0.000 0.000
204288.000 156.057 28672.000 21.903 1024.000 0.782 0.000 0.000 512.000 0.391
262656.000 182.618 0.000 0.000 768.000 0.534 0.000 0.000 0.000 0.000
189696.000 143.407 28672.000 21.676 1024.000 0.774 0.000 0.000 512.000 0.387
245248.000 184.819 0.000 0.000 768.000 0.579 0.000 0.000 0.000 0.000
192512.000 146.152 28672.000 21.767 272.000 0.206 0.000 0.000 512.000 0.389
237952.000 179.374 0.000 0.000 0.000 0.000 0.000 0.000 0.000 0.000
228992.000 153.577 28672.000 19.229 0.000 0.000 0.000 0.000 512.000 0.343
239744.000 179.355 0.000 0.000 0.000 0.000 0.000 0.000 0.000 0.000
198016.000 149.536 28672.000 21.652 0.000 0.000 0.000 0.000 512.000 0.387
233472.000 176.711 0.000 0.000 0.000 0.000 0.000 0.000 0.000 0.000
196096.000 149.575 28672.000 21.870 0.000 0.000 0.000 0.000 512.000 0.391
240896.000 183.084 0.000 0.000 0.000 0.000 0.000 0.000 0.000 0.000
190464.000 144.255 28672.000 21.716 0.000 0.000 0.000 0.000 512.000 0.388
277248.000 181.694 0.000 0.000 0.000 0.000 0.000 0.000 0.000 0.000
195584.000 147.160 28672.000 21.573 0.000 0.000 0.000 0.000 512.000 0.385
242176.000 181.055 0.000 0.000 0.000 0.000 0.000 0.000 0.000 0.000
192896.000 145.877 28672.000 21.683 0.000 0.000 0.000 0.000 512.000 0.387
244864.000 183.695 0.000 0.000 0.000 0.000 0.000 0.000 0.000 0.000
189696.000 143.487 14336.000 10.844 0.000 0.000 0.000 0.000 512.000 0.387
268032.000 182.477 14336.000 9.760 0.000 0.000 0.000 0.000 0.000 0.000
198912.000 149.410 14336.000 10.768 0.000 0.000 0.000 0.000 512.000 0.385
246528.000 168.012 14336.000 9.770 0.000 0.000 0.000 0.000 0.000 0.000
191744.000 143.686 4552.000 3.411 0.000 0.000 0.000 0.000 512.000 0.384
219136.000 165.417 24112.000 18.201 0.000 0.000 0.000 0.000 0.000 0.000
219136.000 165.006 0.000 0.000 0.000 0.000 0.000 0.000 0.000 0.000
0.000 0.000 28672.000 19.113 0.000 0.000 0.000 0.000 512.000 0.341
0.000 0.000 0.000 0.000 0.000 0.000 0.000 0.000 0.000 0.000
147456.000 86.339 0.000 0.000 9552.000 5.593 176.000 0.103 256.000 0.150
311296.000 226.681 86016.000 62.635 0.000 0.000 0.000 0.000 1280.000 0.932
357120.000 264.944 57344.000 42.543 0.000 0.000 0.000 0.000 1024.000 0.760
348032.000 261.918 57344.000 43.155 0.000 0.000 0.000 0.000 1024.000 0.771
310656.000 233.988 57344.000 43.192 0.000 0.000 0.000 0.000 1280.000 0.964
304384.000 229.000 86016.000 64.713 0.000 0.000 0.000 0.000 1280.000 0.963
285440.000 212.160 57344.000 42.622 0.000 0.000 0.000 0.000 1024.000 0.761
0.000 0.000 0.000 0.000 0.000 0.000 0.000 0.000 0.000 0.000
0.000 0.000 0.000 0.000 0.000 0.000 0.000 0.000 0.000 0.000
0.000 0.000 12992.000 9.119 18432.000 12.938 36.000 0.025 318976.000 223.892
0.000 0.000 17472.000 12.617 6912.000 4.991 0.000 0.000 415744.000 300.211
0.000 0.000 17920.000 12.943 6912.000 4.992 0.000 0.000 425600.000 307.408
0.000 0.000 20608.000 13.019 7264.000 4.589 0.000 0.000 484736.000 306.239
0.000 0.000 18368.000 13.137 0.000 0.000 0.000 0.000 434816.000 310.987
0.000 0.000 12992.000 8.610 0.000 0.000 0.000 0.000 299904.000 198.755
325632.000 237.959 50176.000 36.667 10912.000 7.974 352.000 0.257 640.000 0.468
355968.000 274.925 100352.000 77.505 0.000 0.000 0.000 0.000 896.000 0.692
403840.000 312.858 75264.000 58.308 0.000 0.000 0.000 0.000 896.000 0.694
371712.000 292.807 100352.000 79.050 0.000 0.000 0.000 0.000 896.000 0.706
279552.000 211.971 75264.000 57.069 0.000 0.000 0.000 0.000 768.000 0.582
0.000 0.000 0.000 0.000 0.000 0.000 0.000 0.000 0.000 0.000
0.000 0.000 0.000 0.000 0.000 0.000 0.000 0.000 0.000 0.000
0.000 0.000 15680.000 10.621 5728.000 3.880 36.000 0.024 276736.000 187.450
0.000 0.000 21952.000 15.590 0.000 0.000 0.000 0.000 337536.000 239.709
0.000 0.000 21952.000 15.740 0.000 0.000 0.000 0.000 346240.000 248.254
0.000 0.000 21952.000 15.811 0.000 0.000 0.000 0.000 349440.000 251.682
0.000 0.000 18816.000 13.133 0.000 0.000 0.000 0.000 295680.000 206.368
282624.000 197.722 31360.000 21.939 1120.000 0.784 688.000 0.481 640.000 0.448
219840.000 147.556 0.000 0.000 1376.000 0.924 1812.000 1.216 0.000 0.000
124352.000 91.132 31360.000 22.982 1376.000 1.008 1812.000 1.328 1280.000 0.938
226240.000 167.719 0.000 0.000 0.000 0.000 0.000 0.000 0.000 0.000
106848.000 79.195 31360.000 23.244 720.000 0.534 64.000 0.047 4480.000 3.321
179600.000 130.504 39200.000 28.484 272.000 0.198 740.000 0.538 3200.000 2.325
179600.000 127.808 19600.000 13.948 224.000 0.159 736.000 0.524 1600.000 1.139
0.000 0.000 6400.000 4.047 4496.000 2.843 36.000 0.023 78400.000 49.579
