197344.000 154.543 0.000 0.000 18688.000 14.635 128.000 0.100 0.000 0.000
343456.000 240.623 25088.000 17.577 2304.000 1.614 0.000 0.000 1024.000 0.717
413376.000 277.329 0.000 0.000 2560.000 1.717 0.000 0.000 0.000 0.000
344448.000 253.023 25088.000 18.429 2560.000 1.881 0.000 0.000 1024.000 0.752
347040.000 253.909 25088.000 18.355 656.000 0.480 0.000 0.000 1024.000 0.749
352112.000 255.910 25088.000 18.234 0.000 0.000 0.000 0.000 1024.000 0.744
370352.000 271.026 0.000 0.000 0.000 0.000 0.000 0.000 0.000 0.000
343856.000 253.652 25088.000 18.507 0.000 0.000 0.000 0.000 1024.000 0.755
348928.000 257.075 25088.000 18.484 0.000 0.000 0.000 0.000 1024.000 0.754
2424800.000 266.342 50176.000 5.511 13136.000 1.443 2760.000 0.303 2048.000 0.225
446976.000 312.003 0.000 0.000 0.000 0.000 0.000 0.000 0.000 0.000
468416.000 307.942 0.000 0.000 0.000 0.000 0.000 0.000 0.000 0.000
445952.000 314.117 0.000 0.000 0.000 0.000 0.000 0.000 0.000 0.000
443584.000 313.527 0.000 0.000 0.000 0.000 0.000 0.000 0.000 0.000
448320.000 316.407 0.000 0.000 0.000 0.000 0.000 0.000 0.000 0.000
448960.000 315.727 0.000 0.000 0.000 0.000 0.000 0.000 0.000 0.000
448832.000 315.021 0.000 0.000 0.000 0.000 0.000 0.000 0.000 0.000
407168.000 272.167 12544.000 8.385 0.000 0.000 0.000 0.000 4096.000 2.738
4728256.000 332.193 12544.000 0.881 0.000 0.000 0.000 0.000 0.000 0.000
391744.000 275.981 12544.000 8.837 0.000 0.000 0.000 0.000 4096.000 2.886
0.000 0.000 12544.000 9.608 0.000 0.000 0.000 0.000 0.000 0.000
0.000 0.000 0.000 0.000 0.000 0.000 0.000 0.000 0.000 0.000
0.000 0.000 0.000 0.000 0.000 0.000 0.000 0.000 0.000 0.000
112.000 0.078 0.000 0.000 10240.000 7.092 1584.000 1.097 0.000 0.000
433104.000 305.018 0.000 0.000 2704.000 1.904 0.000 0.000 0.000 0.000
446528.000 313.225 0.000 0.000 0.000 0.000 0.000 0.000 0.000 0.000
476032.000 313.148 0.000 0.000 0.000 0.000 0.000 0.000 0.000 0.000
452112.000 314.933 0.000 0.000 0.000 0.000 0.000 0.000 0.000 0.000
453568.000 316.791 0.000 0.000 0.000 0.000 0.000 0.000 0.000 0.000
449760.000 316.599 0.000 0.000 0.000 0.000 0.000 0.000 0.000 0.000
472480.000 310.734 0.000 0.000 0.000 0.000 0.000 0.000 0.000 0.000
452160.000 316.435 0.000 0.000 0.000 0.000 0.000 0.000 0.000 0.000
451648.000 316.176 0.000 0.000 0.000 0.000 0.000 0.000 0.000 0.000
454080.000 315.467 0.000 0.000 0.000 0.000 0.000 0.000 0.000 0.000
426672.000 299.994 8192.000 5.760 0.000 0.000 0.000 0.000 2048.000 1.440
452928.000 316.556 0.000 0.000 0.000 0.000 0.000 0.000 0.000 0.000
463824.000 315.325 0.000 0.000 0.000 0.000 0.000 0.000 0.000 0.000
472000.000 309.951 0.000 0.000 0.000 0.000 0.000 0.000 0.000 0.000
452800.000 316.049 0.000 0.000 0.000 0.000 0.000 0.000 0.000 0.000
455232.000 317.270 0.000 0.000 0.000 0.000 0.000 0.000 0.000 0.000
450240.000 316.863 0.000 0.000 0.000 0.000 0.000 0.000 0.000 0.000
450368.000 315.760 0.000 0.000 0.000 0.000 0.000 0.000 0.000 0.000
1471984.000 180.875 8192.000 1.007 0.000 0.000 0.000 0.000 2048.000 0.252
