68544.000 58.038 35400.000 29.974 12944.000 10.960 32.000 0.027 2240.000 1.897
137088.000 100.500 87232.000 63.950 0.000 0.000 0.000 0.000 4480.000 3.284
137088.000 105.857 75920.000 58.624 0.000 0.000 0.000 0.000 4160.000 3.212
127296.000 98.448 75920.000 58.715 0.000 0.000 0.000 0.000 4480.000 3.465
143936.000 103.102 87600.000 62.748 0.000 0.000 0.000 0.000 4480.000 3.209
100864.000 73.458 64240.000 46.785 0.000 0.000 0.000 0.000 3520.000 2.564
0.000 0.000 0.000 0.000 0.000 0.000 0.000 0.000 0.000 0.000
9648.000 7.011 0.000 0.000 18688.000 13.580 168.000 0.122 0.000 0.000
406864.000 293.206 27264.000 19.648 4352.000 3.136 0.000 0.000 1536.000 1.107
449888.000 321.921 27264.000 19.509 1792.000 1.282 0.000 0.000 1536.000 1.099
383776.000 292.628 40896.000 31.183 1792.000 1.366 0.000 0.000 2304.000 1.757
419120.000 321.929 27264.000 20.942 1792.000 1.376 0.000 0.000 1536.000 1.180
415872.000 295.765 40896.000 29.085 1792.000 1.274 0.000 0.000 2304.000 1.639
422784.000 324.129 27264.000 20.902 1792.000 1.374 0.000 0.000 1536.000 1.178
415872.000 322.722 27264.000 21.157 1536.000 1.192 0.000 0.000 1536.000 1.192
371264.000 287.403 40896.000 31.658 1792.000 1.387 0.000 0.000 2304.000 1.784
415040.000 322.148 27264.000 21.162 1792.000 1.391 0.000 0.000 1536.000 1.192
441680.000 325.521 27264.000 20.094 1536.000 1.132 0.000 0.000 1536.000 1.132
373840.000 288.401 40896.000 31.549 1792.000 1.382 0.000 0.000 2304.000 1.777
440704.000 325.238 27264.000 20.121 1792.000 1.322 0.000 0.000 1536.000 1.134
405328.000 311.501 27264.000 20.953 1792.000 1.377 0.000 0.000 1920.000 1.476
389328.000 300.625 40896.000 31.578 1792.000 1.384 0.000 0.000 1920.000 1.483
418176.000 323.585 27264.000 21.097 1536.000 1.189 0.000 0.000 1536.000 1.189
405456.000 317.067 27264.000 21.320 1792.000 1.401 0.000 0.000 1536.000 1.201
374304.000 292.464 40896.000 31.954 1792.000 1.400 0.000 0.000 2304.000 1.800
416768.000 322.743 27264.000 21.113 1472.000 1.140 0.000 0.000 1536.000 1.189
421888.000 309.279 27264.000 19.987 0.000 0.000 0.000 0.000 1920.000 1.408
428720.000 310.705 40896.000 29.638 0.000 0.000 0.000 0.000 1920.000 1.391
422528.000 324.602 27264.000 20.945 0.000 0.000 0.000 0.000 1536.000 1.180
376736.000 289.254 40896.000 31.400 0.000 0.000 0.000 0.000 2304.000 1.769
421120.000 324.548 27264.000 21.012 0.000 0.000 0.000 0.000 1536.000 1.184
418608.000 323.729 27264.000 21.085 0.000 0.000 0.000 0.000 1536.000 1.188
367472.000 287.640 40896.000 32.012 0.000 0.000 0.000 0.000 2304.000 1.803
414592.000 323.996 27264.000 21.306 0.000 0.000 0.000 0.000 1536.000 1.200
417280.000 324.245 27264.000 21.185 0.000 0.000 0.000 0.000 1536.000 1.194
402896.000 292.896 40896.000 29.730 0.000 0.000 0.000 0.000 2304.000 1.675
451680.000 327.269 27264.000 19.754 0.000 0.000 0.000 0.000 1536.000 1.113
383520.000 296.145 34080.000 26.316 0.000 0.000 0.000 0.000 2304.000 1.779
0.000 0.000 6816.000 4.363 0.000 0.000 0.000 0.000 0.000 0.000
