1296.000 1.082 0.000 0.000 15616.000 13.038 128.000 0.107 0.000 0.000
377696.000 253.939 0.000 0.000 4352.000 2.926 0.000 0.000 0.000 0.000
324432.000 234.744 25088.000 18.152 2304.000 1.667 0.000 0.000 2048.000 1.482
332768.000 232.638 25088.000 17.539 2560.000 1.790 0.000 0.000 2048.000 1.432
407360.000 270.000 0.000 0.000 2464.000 1.633 0.000 0.000 0.000 0.000
336656.000 235.095 25088.000 17.520 0.000 0.000 0.000 0.000 2048.000 1.430
329936.000 237.585 25088.000 18.066 0.000 0.000 0.000 0.000 2048.000 1.475
342336.000 239.540 12544.000 8.777 0.000 0.000 0.000 0.000 2048.000 1.433
369424.000 267.638 12544.000 9.088 0.000 0.000 0.000 0.000 0.000 0.000
355696.000 233.000 25088.000 16.434 0.000 0.000 0.000 0.000 2048.000 1.342
336528.000 240.410 25088.000 17.922 0.000 0.000 0.000 0.000 2048.000 1.463
1750688.000 176.131 50176.000 5.048 25744.000 2.590 128.000 0.013 4096.000 0.412
756640.000 199.340 25088.000 6.610 0.000 0.000 0.000 0.000 2048.000 0.540
767184.000 200.599 25088.000 6.560 0.000 0.000 0.000 0.000 2048.000 0.536
708320.000 174.485 25088.000 6.180 2256.000 0.556 968.000 0.238 2048.000 0.504
1441536.000 325.381 25088.000 5.663 0.000 0.000 0.000 0.000 2048.000 0.462
1167744.000 296.944 25088.000 6.380 2832.000 0.720 968.000 0.246 2048.000 0.521
1193600.000 301.269 50176.000 12.665 0.000 0.000 0.000 0.000 4096.000 1.034
1102848.000 282.755 50176.000 12.864 0.000 0.000 0.000 0.000 4096.000 1.050
1442432.000 272.579 25088.000 4.741 3856.000 0.729 1940.000 0.367 4096.000 0.774
1056128.000 273.160 87808.000 22.711 0.000 0.000 0.000 0.000 8192.000 2.119
0.000 0.000 33536.000 9.140 12384.000 3.375 16.000 0.004 258496.000 70.452
0.000 0.000 11776.000 3.547 0.000 0.000 0.000 0.000 142912.000 43.047
