59968.000 50.051 0.000 0.000 17040.000 14.222 296.000 0.247 0.000 0.000
472512.000 330.495 37632.000 26.321 0.000 0.000 0.000 0.000 1024.000 0.716
510144.000 376.168 37632.000 27.749 0.000 0.000 0.000 0.000 512.000 0.378
462912.000 312.956 50176.000 33.922 0.000 0.000 0.000 0.000 1024.000 0.692
470400.000 339.848 50176.000 36.250 0.000 0.000 0.000 0.000 1024.000 0.740
420224.000 306.899 39720.000 29.008 0.000 0.000 0.000 0.000 1024.000 0.748
532480.000 398.978 35536.000 26.627 0.000 0.000 0.000 0.000 512.000 0.384
432896.000 324.223 50176.000 37.580 0.000 0.000 0.000 0.000 1024.000 0.767
438016.000 328.276 50176.000 37.605 0.000 0.000 0.000 0.000 1024.000 0.767
460288.000 329.134 50176.000 35.879 0.000 0.000 0.000 0.000 1024.000 0.732
0.000 0.000 0.000 0.000 0.000 0.000 0.000 0.000 0.000 0.000
0.000 0.000 0.000 0.000 0.000 0.000 0.000 0.000 0.000 0.000
0.000 0.000 25088.000 16.623 5728.000 3.795 36.000 0.024 150528.000 99.738
0.000 0.000 50176.000 36.438 0.000 0.000 0.000 0.000 200704.000 145.751
0.000 0.000 62720.000 45.858 0.000 0.000 0.000 0.000 213248.000 155.918
0.000 0.000 50176.000 36.788 0.000 0.000 0.000 0.000 226048.000 165.734
0.000 0.000 50176.000 34.732 0.000 0.000 0.000 0.000 212992.000 147.433
0.000 0.000 62720.000 43.667 0.000 0.000 0.000 0.000 242560.000 168.874
0.000 0.000 50176.000 36.827 0.000 0.000 0.000 0.000 209024.000 153.413
0.000 0.000 50176.000 35.839 0.000 0.000 0.000 0.000 150528.000 107.516
0.000 0.000 0.000 0.000 0.000 0.000 0.000 0.000 0.000 0.000
205136.000 149.824 0.000 0.000 18688.000 13.649 128.000 0.093 0.000 0.000
321632.000 235.170 25088.000 18.344 2304.000 1.685 0.000 0.000 1024.000 0.749
397664.000 278.455 0.000 0.000 2560.000 1.793 0.000 0.000 0.000 0.000
328688.000 244.272 25088.000 18.645 2304.000 1.712 0.000 0.000 1024.000 0.761
328384.000 245.229 25088.000 18.735 1184.000 0.884 0.000 0.000 1024.000 0.765
380480.000 266.758 3240.000 2.272 0.000 0.000 0.000 0.000 1024.000 0.718
340192.000 252.450 21840.000 16.207 0.000 0.000 0.000 0.000 0.000 0.000
326192.000 242.311 25088.000 18.637 0.000 0.000 0.000 0.000 1024.000 0.761
337728.000 251.591 25088.000 18.689 0.000 0.000 0.000 0.000 1024.000 0.763
389712.000 291.543 0.000 0.000 0.000 0.000 0.000 0.000 0.000 0.000
353568.000 249.041 25088.000 17.671 0.000 0.000 0.000 0.000 1024.000 0.721
214592.000 150.898 25088.000 17.642 0.000 0.000 0.000 0.000 1024.000 0.720
310016.000 210.683 0.000 0.000 3920.000 2.664 580.000 0.394 0.000 0.000
503168.000 363.710 25088.000 18.135 0.000 0.000 0.000 0.000 1024.000 0.740
258176.000 184.042 25088.000 17.884 8592.000 6.125 576.000 0.411 1024.000 0.730
393728.000 280.663 70440.000 50.212 0.000 0.000 0.000 0.000 1536.000 1.095
398592.000 298.441 67536.000 50.567 0.000 0.000 0.000 0.000 1536.000 1.150
266240.000 177.772 62720.000 41.879 0.000 0.000 0.000 0.000 1024.000 0.684
200448.000 136.515 0.000 0.000 9104.000 6.200 524.000 0.357 0.000 0.000
385952.000 279.663 25088.000 18.179 0.000 0.000 0.000 0.000 2048.000 1.484
391008.000 286.455 25088.000 18.380 0.000 0.000 0.000 0.000 2048.000 1.500
411136.000 302.146 12544.000 9.219 0.000 0.000 0.000 0.000 2048.000 1.505
462848.000 341.223 12544.000 9.248 0.000 0.000 0.000 0.000 0.000 0.000
410720.000 301.216 25088.000 18.399 0.000 0.000 0.000 0.000 2048.000 1.502
415648.000 285.667 25088.000 17.242 0.000 0.000 0.000 0.000 2048.000 1.408
392512.000 288.300 25088.000 18.427 0.000 0.000 0.000 0.000 2048.000 1.504
419776.000 290.087 25088.000 17.337 0.000 0.000 0.000 0.000 2048.000 1.415
212736.000 148.410 25088.000 17.502 0.000 0.000 0.000 0.000 2048.000 1.429
246400.000 169.662 0.000 0.000 9104.000 6.269 524.000 0.361 0.000 0.000
381824.000 278.639 25088.000 18.308 0.000 0.000 0.000 0.000 2048.000 1.495
389600.000 285.939 25088.000 18.413 0.000 0.000 0.000 0.000 2048.000 1.503
422048.000 288.785 25088.000 17.166 0.000 0.000 0.000 0.000 2048.000 1.401
411520.000 299.590 12544.000 9.132 0.000 0.000 0.000 0.000 2048.000 1.491
462848.000 337.331 12544.000 9.142 0.000 0.000 0.000 0.000 0.000 0.000
418816.000 307.593 25088.000 18.426 0.000 0.000 0.000 0.000 2048.000 1.504
393120.000 289.444 25088.000 18.472 0.000 0.000 0.000 0.000 2048.000 1.508
396896.000 291.426 25088.000 18.421 0.000 0.000 0.000 0.000 2048.000 1.504
179712.000 124.944 25088.000 17.442 0.000 0.000 0.000 0.000 2048.000 1.424
99824.000 60.338 0.000 0.000 17664.000 10.677 128.000 0.077 0.000 0.000
276880.000 204.938 0.000 0.000 2048.000 1.516 0.000 0.000 0.000 0.000
274432.000 205.673 0.000 0.000 2048.000 1.535 0.000 0.000 0.000 0.000
239408.000 178.577 25088.000 18.713 1792.000 1.337 0.000 0.000 2048.000 1.528
279888.000 207.825 0.000 0.000 2048.000 1.521 0.000 0.000 0.000 0.000
277072.000 208.480 0.000 0.000 272.000 0.205 0.000 0.000 0.000 0.000
277520.000 208.615 0.000 0.000 0.000 0.000 0.000 0.000 0.000 0.000
250448.000 179.149 25088.000 17.946 0.000 0.000 0.000 0.000 2048.000 1.465
280976.000 208.687 0.000 0.000 0.000 0.000 0.000 0.000 0.000 0.000
280576.000 208.919 0.000 0.000 0.000 0.000 0.000 0.000 0.000 0.000
241104.000 180.847 25088.000 18.818 0.000 0.000 0.000 0.000 2048.000 1.536
279696.000 209.388 0.000 0.000 0.000 0.000 0.000 0.000 0.000 0.000
279440.000 208.824 0.000 0.000 0.000 0.000 0.000 0.000 0.000 0.000
144336.000 101.323 25088.000 17.612 0.000 0.000 0.000 0.000 2048.000 1.438
519552.000 335.788 0.000 0.000 1184.000 0.765 972.000 0.628 0.000 0.000
511360.000 348.345 0.000 0.000 0.000 0.000 0.000 0.000 0.000 0.000
235152.000 167.935 25088.000 17.917 3424.000 2.445 2760.000 1.971 4096.000 2.925
441280.000 312.046 0.000 0.000 0.000 0.000 0.000 0.000 0.000 0.000
447296.000 316.063 0.000 0.000 0.000 0.000 0.000 0.000 0.000 0.000
449584.000 317.855 0.000 0.000 0.000 0.000 0.000 0.000 0.000 0.000
451648.000 318.273 0.000 0.000 0.000 0.000 0.000 0.000 0.000 0.000
450496.000 317.821 0.000 0.000 0.000 0.000 0.000 0.000 0.000 0.000
273024.000 180.485 25088.000 16.585 3424.000 2.263 2760.000 1.825 2048.000 1.354
444992.000 314.056 0.000 0.000 0.000 0.000 0.000 0.000 0.000 0.000
447408.000 318.014 0.000 0.000 0.000 0.000 0.000 0.000 0.000 0.000
448704.000 317.687 0.000 0.000 0.000 0.000 0.000 0.000 0.000 0.000
453184.000 316.626 0.000 0.000 0.000 0.000 0.000 0.000 0.000 0.000
449856.000 317.495 0.000 0.000 0.000 0.000 0.000 0.000 0.000 0.000
275728.000 195.607 25088.000 17.798 3088.000 2.191 972.000 0.690 2048.000 1.453
393600.000 264.856 25088.000 16.882 0.000 0.000 0.000 0.000 4096.000 2.756
323072.000 223.610 50176.000 34.729 0.000 0.000 0.000 0.000 8192.000 5.670
301568.000 211.240 25088.000 17.573 0.000 0.000 0.000 0.000 4096.000 2.869
374400.000 260.345 0.000 0.000 2256.000 1.569 968.000 0.673 0.000 0.000
481408.000 352.571 0.000 0.000 0.000 0.000 0.000 0.000 0.000 0.000
393472.000 289.305 12544.000 9.223 0.000 0.000 0.000 0.000 2048.000 1.506
478720.000 348.611 12544.000 9.135 0.000 0.000 0.000 0.000 0.000 0.000
508416.000 346.476 0.000 0.000 0.000 0.000 0.000 0.000 0.000 0.000
262144.000 186.757 25088.000 17.873 512.000 0.365 0.000 0.000 2048.000 1.459
492672.000 349.046 0.000 0.000 976.000 0.691 968.000 0.686 0.000 0.000
382592.000 273.834 25088.000 17.956 0.000 0.000 0.000 0.000 2048.000 1.466
374016.000 269.505 25088.000 18.078 0.000 0.000 0.000 0.000 2048.000 1.476
390912.000 273.798 0.000 0.000 1488.000 1.042 968.000 0.678 0.000 0.000
386816.000 275.439 25088.000 17.864 0.000 0.000 0.000 0.000 2048.000 1.458
471424.000 268.547 25088.000 14.291 0.000 0.000 0.000 0.000 2048.000 1.167
418176.000 291.607 0.000 0.000 1488.000 1.038 968.000 0.675 0.000 0.000
380288.000 272.923 25088.000 18.005 0.000 0.000 0.000 0.000 2048.000 1.470
450816.000 322.414 0.000 0.000 0.000 0.000 0.000 0.000 1024.000 0.732
149952.000 107.031 25088.000 17.907 13008.000 9.285 1584.000 1.131 1024.000 0.731
481104.000 306.264 0.000 0.000 0.000 0.000 0.000 0.000 0.000 0.000
440128.000 312.791 0.000 0.000 0.000 0.000 0.000 0.000 0.000 0.000
467520.000 308.939 0.000 0.000 0.000 0.000 0.000 0.000 0.000 0.000
443456.000 316.036 0.000 0.000 0.000 0.000 0.000 0.000 0.000 0.000
447040.000 316.019 0.000 0.000 0.000 0.000 0.000 0.000 0.000 0.000
442560.000 316.257 0.000 0.000 0.000 0.000 0.000 0.000 0.000 0.000
445504.000 316.870 0.000 0.000 0.000 0.000 0.000 0.000 0.000 0.000
447760.000 316.552 0.000 0.000 0.000 0.000 0.000 0.000 0.000 0.000
450784.000 317.069 0.000 0.000 0.000 0.000 0.000 0.000 0.000 0.000
468176.000 310.859 0.000 0.000 0.000 0.000 0.000 0.000 0.000 0.000
416816.000 295.101 8192.000 5.800 0.000 0.000 0.000 0.000 2048.000 1.450
448320.000 315.996 0.000 0.000 0.000 0.000 0.000 0.000 0.000 0.000
445632.000 316.251 0.000 0.000 0.000 0.000 0.000 0.000 0.000 0.000
445504.000 315.848 0.000 0.000 0.000 0.000 0.000 0.000 0.000 0.000
447408.000 317.725 0.000 0.000 0.000 0.000 0.000 0.000 0.000 0.000
446400.000 316.549 0.000 0.000 0.000 0.000 0.000 0.000 0.000 0.000
467536.000 310.490 0.000 0.000 0.000 0.000 0.000 0.000 0.000 0.000
444608.000 315.692 0.000 0.000 0.000 0.000 0.000 0.000 0.000 0.000
445744.000 317.672 0.000 0.000 0.000 0.000 0.000 0.000 0.000 0.000
442944.000 316.224 0.000 0.000 0.000 0.000 0.000 0.000 0.000 0.000
485968.000 314.752 0.000 0.000 0.000 0.000 0.000 0.000 0.000 0.000
17024.000 11.834 8192.000 5.695 0.000 0.000 0.000 0.000 2048.000 1.424
