95968.000 72.417 624.000 0.471 23040.000 17.386 12.000 0.009 4992.000 3.767
280288.000 205.853 1872.000 1.375 24320.000 17.861 0.000 0.000 14976.000 10.999
2477856.000 202.021 16224.000 1.323 210944.000 17.198 0.000 0.000 129792.000 10.582
259440.000 200.760 1712.000 1.325 22272.000 17.235 0.000 0.000 13696.000 10.598
256704.000 202.091 1664.000 1.310 21760.000 17.131 0.000 0.000 13440.000 10.581
259296.000 202.153 1696.000 1.322 21760.000 16.965 0.000 0.000 13504.000 10.528
254496.000 201.728 1664.000 1.319 21760.000 17.248 0.000 0.000 13376.000 10.603
251952.000 201.578 1664.000 1.331 21504.000 17.205 0.000 0.000 13184.000 10.548
254400.000 202.893 1648.000 1.314 21504.000 17.150 0.000 0.000 13184.000 10.515
2162496.000 202.028 14144.000 1.321 184064.000 17.196 0.000 0.000 113280.000 10.583
259296.000 202.626 1696.000 1.325 21760.000 17.004 0.000 0.000 13440.000 10.503
252608.000 200.852 1664.000 1.323 21760.000 17.302 0.000 0.000 13312.000 10.585
253744.000 202.731 1648.000 1.317 21504.000 17.181 0.000 0.000 13184.000 10.533
251952.000 201.309 1648.000 1.317 21504.000 17.182 0.000 0.000 13312.000 10.636
254400.000 202.300 1664.000 1.323 21504.000 17.100 0.000 0.000 13184.000 10.484
251952.000 201.487 1648.000 1.318 21504.000 17.197 0.000 0.000 13248.000 10.595
252048.000 202.094 1648.000 1.321 21248.000 17.037 0.000 0.000 13184.000 10.571
2490240.000 202.156 16288.000 1.322 211712.000 17.187 0.000 0.000 130240.000 10.573
259296.000 201.537 1696.000 1.318 22272.000 17.311 0.000 0.000 13696.000 10.645
254544.000 201.490 1680.000 1.330 21760.000 17.225 0.000 0.000 13312.000 10.537
256704.000 202.378 1664.000 1.312 21504.000 16.953 0.000 0.000 13376.000 10.545
254544.000 201.518 1680.000 1.330 21504.000 17.024 0.000 0.000 13376.000 10.590
254336.000 201.868 1664.000 1.321 21760.000 17.271 0.000 0.000 13312.000 10.566
252752.000 202.218 1648.000 1.319 21504.000 17.205 0.000 0.000 13184.000 10.548
2195888.000 202.148 14352.000 1.321 186368.000 17.157 0.000 0.000 114816.000 10.570
261744.000 201.008 1712.000 1.315 22528.000 17.300 0.000 0.000 13760.000 10.567
271536.000 202.497 1776.000 1.324 23040.000 17.182 0.000 0.000 14144.000 10.548
254400.000 201.658 1664.000 1.319 21504.000 17.046 0.000 0.000 13312.000 10.552
252048.000 202.269 1648.000 1.323 21504.000 17.257 0.000 0.000 13184.000 10.580
251952.000 201.516 1648.000 1.318 21248.000 16.995 0.000 0.000 13184.000 10.545
254400.000 201.721 1664.000 1.319 21760.000 17.254 0.000 0.000 13312.000 10.555
252736.000 201.734 1664.000 1.328 21504.000 17.164 0.000 0.000 13312.000 10.626
2433248.000 202.239 15904.000 1.322 206848.000 17.192 0.000 0.000 127232.000 10.575
264192.000 201.769 1728.000 1.320 22528.000 17.205 0.000 0.000 13824.000 10.558
254496.000 200.803 1680.000 1.326 21760.000 17.169 0.000 0.000 13440.000 10.604
254304.000 202.098 1664.000 1.322 21760.000 17.293 0.000 0.000 13312.000 10.579
269184.000 201.713 1760.000 1.319 22784.000 17.073 0.000 0.000 14080.000 10.551
255344.000 202.537 1664.000 1.320 21760.000 17.260 0.000 0.000 13312.000 10.559
254912.000 202.077 1664.000 1.319 21504.000 17.047 0.000 0.000 13312.000 10.553
252848.000 202.401 1648.000 1.319 21504.000 17.214 0.000 0.000 13184.000 10.554
2187120.000 202.019 14320.000 1.323 186112.000 17.191 0.000 0.000 114560.000 10.582
259248.000 201.841 1696.000 1.320 22016.000 17.141 0.000 0.000 13568.000 10.564
256240.000 202.982 1664.000 1.318 21760.000 17.237 0.000 0.000 13312.000 10.545
252464.000 201.905 1648.000 1.318 21248.000 16.993 0.000 0.000 13184.000 10.544
252192.000 200.863 1664.000 1.325 21760.000 17.331 0.000 0.000 13312.000 10.603
254256.000 203.158 1648.000 1.317 21248.000 16.978 0.000 0.000 13184.000 10.534
252048.000 200.944 1664.000 1.327 21760.000 17.348 0.000 0.000 13312.000 10.613
261648.000 202.418 1696.000 1.312 22016.000 17.032 0.000 0.000 13696.000 10.596
266640.000 201.338 1760.000 1.329 22784.000 17.204 0.000 0.000 13952.000 10.535
1063520.000 50.383 7024.000 0.333 76448.000 3.622 0.000 0.000 56192.000 2.662
0.000 0.000 0.000 0.000 0.000 0.000 0.000 0.000 0.000 0.000
0.000 0.000 0.000 0.000 0.000 0.000 0.000 0.000 0.000 0.000
0.000 0.000 0.000 0.000 0.000 0.000 0.000 0.000 0.000 0.000
0.000 0.000 0.000 0.000 0.000 0.000 0.000 0.000 0.000 0.000
0.000 0.000 0.000 0.000 0.000 0.000 0.000 0.000 0.000 0.000
0.000 0.000 0.000 0.000 0.000 0.000 0.000 0.000 0.000 0.000
0.000 0.000 0.000 0.000 0.000 0.000 0.000 0.000 0.000 0.000
0.000 0.000 0.000 0.000 0.000 0.000 0.000 0.000 0.000 0.000
0.000 0.000 0.000 0.000 0.000 0.000 0.000 0.000 0.000 0.000
0.000 0.000 0.000 0.000 0.000 0.000 0.000 0.000 0.000 0.000
0.000 0.000 0.000 0.000 0.000 0.000 0.000 0.000 0.000 0.000
0.000 0.000 0.000 0.000 0.000 0.000 0.000 0.000 0.000 0.000
0.000 0.000 0.000 0.000 0.000 0.000 0.000 0.000 0.000 0.000
0.000 0.000 0.000 0.000 0.000 0.000 0.000 0.000 0.000 0.000
0.000 0.000 0.000 0.000 0.000 0.000 0.000 0.000 0.000 0.000
72912.000 18.070 1072.000 0.266 42496.000 10.532 12.000 0.003 4288.000 1.063
126736.000 97.426 1856.000 1.427 38912.000 29.913 0.000 0.000 7424.000 5.707
124304.000 97.726 1824.000 1.434 38400.000 30.190 0.000 0.000 7296.000 5.736
123216.000 97.638 1808.000 1.433 38144.000 30.226 0.000 0.000 7232.000 5.731
123488.000 97.600 1824.000 1.442 38144.000 30.147 0.000 0.000 7296.000 5.766
123760.000 97.780 1824.000 1.441 38144.000 30.137 0.000 0.000 7296.000 5.764
742576.000 97.873 10912.000 1.438 229376.000 30.232 0.000 0.000 43648.000 5.753
136256.000 97.630 2016.000 1.445 41984.000 30.082 0.000 0.000 8064.000 5.778
123232.000 97.944 1808.000 1.437 38144.000 30.317 0.000 0.000 7232.000 5.748
130544.000 97.741 1920.000 1.438 40448.000 30.284 0.000 0.000 7680.000 5.750
122960.000 97.893 1808.000 1.439 37888.000 30.164 0.000 0.000 7232.000 5.758
123488.000 98.010 1808.000 1.435 38144.000 30.274 0.000 0.000 7232.000 5.740
123760.000 97.953 1824.000 1.444 38144.000 30.190 0.000 0.000 7296.000 5.775
122944.000 97.868 1808.000 1.439 38144.000 30.364 0.000 0.000 7232.000 5.757
123472.000 98.113 1808.000 1.437 37888.000 30.106 0.000 0.000 7296.000 5.798
123488.000 97.964 1824.000 1.447 38144.000 30.260 0.000 0.000 7232.000 5.737
128928.000 97.743 1888.000 1.431 39936.000 30.276 0.000 0.000 7552.000 5.725
126080.000 98.008 1856.000 1.443 38912.000 30.248 0.000 0.000 7424.000 5.771
124432.000 97.971 1840.000 1.449 38400.000 30.234 0.000 0.000 7360.000 5.795
123760.000 97.943 1808.000 1.431 38144.000 30.187 0.000 0.000 7296.000 5.774
123216.000 98.032 1824.000 1.451 38144.000 30.348 0.000 0.000 7232.000 5.754
97648.000 73.324 1440.000 1.081 10432.000 7.833 0.000 0.000 5760.000 4.325
0.000 0.000 29040.000 21.201 9792.000 7.149 36.000 0.026 350144.000 255.630
0.000 0.000 19360.000 13.842 0.000 0.000 0.000 0.000 223616.000 159.879
0.000 0.000 0.000 0.000 0.000 0.000 0.000 0.000 0.000 0.000
