123904.000 106.852 14336.000 12.363 20736.000 17.882 224.000 0.193 512.000 0.442
222208.000 159.279 43008.000 30.828 768.000 0.551 0.000 0.000 512.000 0.367
163840.000 129.037 43008.000 33.872 1280.000 1.008 0.000 0.000 1024.000 0.806
212992.000 167.205 43008.000 33.762 768.000 0.603 0.000 0.000 512.000 0.402
180224.000 141.979 28672.000 22.588 768.000 0.605 0.000 0.000 768.000 0.605
194304.000 153.431 57344.000 45.281 1280.000 1.011 0.000 0.000 768.000 0.606
198912.000 140.763 28672.000 20.290 1024.000 0.725 0.000 0.000 768.000 0.543
196608.000 155.337 57344.000 45.307 768.000 0.607 0.000 0.000 768.000 0.607
196608.000 155.061 28672.000 22.613 768.000 0.606 0.000 0.000 512.000 0.404
180224.000 141.364 57344.000 44.980 1280.000 1.004 0.000 0.000 1024.000 0.803
209664.000 165.890 28672.000 22.686 768.000 0.608 0.000 0.000 512.000 0.405
153344.000 122.309 57344.000 45.738 1280.000 1.021 0.000 0.000 1024.000 0.817
210432.000 167.384 28672.000 22.807 768.000 0.611 0.000 0.000 512.000 0.407
163840.000 131.063 35176.000 28.139 1024.000 0.819 0.000 0.000 1024.000 0.819
262144.000 164.888 50832.000 31.973 1024.000 0.644 0.000 0.000 512.000 0.322
168832.000 132.141 57344.000 44.882 1280.000 1.002 0.000 0.000 1024.000 0.801
208000.000 164.960 28672.000 22.739 768.000 0.609 0.000 0.000 512.000 0.406
158336.000 123.819 57344.000 44.843 1280.000 1.001 0.000 0.000 1024.000 0.801
218496.000 172.721 28672.000 22.665 160.000 0.126 0.000 0.000 512.000 0.405
163840.000 130.250 33392.000 26.546 0.000 0.000 0.000 0.000 1024.000 0.814
196608.000 156.439 52616.000 41.866 0.000 0.000 0.000 0.000 512.000 0.407
196608.000 142.210 34048.000 24.627 0.000 0.000 0.000 0.000 1024.000 0.741
203776.000 160.166 51968.000 40.846 0.000 0.000 0.000 0.000 512.000 0.402
189440.000 148.993 28672.000 22.550 0.000 0.000 0.000 0.000 512.000 0.403
180224.000 143.530 57344.000 45.669 0.000 0.000 0.000 0.000 1024.000 0.816
212992.000 168.400 28672.000 22.669 0.000 0.000 0.000 0.000 512.000 0.405
170880.000 127.834 57344.000 42.899 0.000 0.000 0.000 0.000 1024.000 0.766
205952.000 162.760 28672.000 22.659 0.000 0.000 0.000 0.000 512.000 0.405
151296.000 121.207 54376.000 43.562 0.000 0.000 0.000 0.000 1024.000 0.820
241920.000 174.627 31632.000 22.833 0.000 0.000 0.000 0.000 512.000 0.370
153088.000 121.018 57192.000 45.211 0.000 0.000 0.000 0.000 1024.000 0.809
219520.000 173.609 28816.000 22.789 0.000 0.000 0.000 0.000 512.000 0.405
167936.000 133.857 28672.000 22.854 0.000 0.000 0.000 0.000 768.000 0.612
196608.000 156.495 57344.000 45.644 0.000 0.000 0.000 0.000 768.000 0.611
196608.000 155.943 28672.000 22.742 0.000 0.000 0.000 0.000 512.000 0.406
175488.000 138.193 57344.000 45.157 0.000 0.000 0.000 0.000 1024.000 0.806
217728.000 162.058 28672.000 21.341 0.000 0.000 0.000 0.000 512.000 0.381
171264.000 127.718 57344.000 42.764 0.000 0.000 0.000 0.000 1024.000 0.764
76544.000 55.342 28672.000 20.730 0.000 0.000 0.000 0.000 512.000 0.370
0.000 0.000 0.000 0.000 0.000 0.000 0.000 0.000 0.000 0.000
0.000 0.000 0.000 0.000 0.000 0.000 0.000 0.000 0.000 0.000
0.000 0.000 0.000 0.000 0.000 0.000 0.000 0.000 0.000 0.000
0.000 0.000 0.000 0.000 0.000 0.000 0.000 0.000 0.000 0.000
0.000 0.000 0.000 0.000 0.000 0.000 0.000 0.000 0.000 0.000
231424.000 149.212 0.000 0.000 21760.000 14.030 240.000 0.155 0.000 0.000
187136.000 143.062 28672.000 21.919 1024.000 0.783 0.000 0.000 512.000 0.391
182144.000 141.749 28672.000 22.313 1024.000 0.797 0.000 0.000 512.000 0.398
193920.000 145.483 28672.000 21.510 1024.000 0.768 0.000 0.000 512.000 0.384
177152.000 138.524 28672.000 22.420 1024.000 0.801 0.000 0.000 512.000 0.400
199680.000 153.619 14336.000 11.029 768.000 0.591 0.000 0.000 512.000 0.394
245760.000 189.192 14336.000 11.036 768.000 0.591 0.000 0.000 0.000 0.000
212992.000 155.302 28672.000 20.906 1024.000 0.747 0.000 0.000 512.000 0.373
186368.000 145.614 28672.000 22.402 1024.000 0.800 0.000 0.000 512.000 0.400
196736.000 152.588 28672.000 22.238 1024.000 0.794 0.000 0.000 512.000 0.397
195712.000 149.901 28672.000 21.961 768.000 0.588 0.000 0.000 512.000 0.392
191232.000 148.275 14336.000 11.116 1024.000 0.794 0.000 0.000 512.000 0.397
245760.000 191.765 14336.000 11.186 768.000 0.599 0.000 0.000 0.000 0.000
195200.000 152.363 28672.000 22.380 1024.000 0.799 0.000 0.000 512.000 0.400
188800.000 146.895 28672.000 22.308 1024.000 0.797 0.000 0.000 512.000 0.398
245760.000 157.306 28672.000 18.352 1024.000 0.655 0.000 0.000 512.000 0.328
199680.000 152.547 28672.000 21.904 1024.000 0.782 0.000 0.000 512.000 0.391
194944.000 151.932 28672.000 22.346 1024.000 0.798 0.000 0.000 512.000 0.399
204416.000 159.702 0.000 0.000 512.000 0.400 0.000 0.000 256.000 0.200
230400.000 177.392 28672.000 22.075 1024.000 0.788 0.000 0.000 256.000 0.197
199680.000 154.818 28672.000 22.230 1024.000 0.794 0.000 0.000 512.000 0.397
184960.000 143.645 28672.000 22.267 1024.000 0.795 0.000 0.000 512.000 0.398
213376.000 157.203 28672.000 21.124 1024.000 0.754 0.000 0.000 512.000 0.377
187136.000 143.436 28672.000 21.976 768.000 0.589 0.000 0.000 512.000 0.392
213248.000 163.095 0.000 0.000 768.000 0.587 0.000 0.000 256.000 0.196
230400.000 177.804 28672.000 22.127 1024.000 0.790 0.000 0.000 256.000 0.198
199680.000 155.529 28672.000 22.332 1024.000 0.798 0.000 0.000 512.000 0.399
186880.000 146.462 28672.000 22.471 1024.000 0.803 0.000 0.000 512.000 0.401
196608.000 153.322 28672.000 22.359 768.000 0.599 0.000 0.000 512.000 0.399
215552.000 149.425 28672.000 19.876 1024.000 0.710 0.000 0.000 512.000 0.355
230400.000 160.320 28672.000 19.951 1280.000 0.891 0.000 0.000 512.000 0.356
215040.000 167.211 0.000 0.000 512.000 0.398 0.000 0.000 256.000 0.199
215040.000 168.416 28672.000 22.455 1024.000 0.802 0.000 0.000 256.000 0.200
195584.000 151.514 28672.000 22.212 1024.000 0.793 0.000 0.000 512.000 0.397
192128.000 148.753 28672.000 22.199 1024.000 0.793 0.000 0.000 512.000 0.396
195968.000 152.484 28672.000 22.310 768.000 0.598 0.000 0.000 512.000 0.398
184320.000 143.641 14336.000 11.172 1024.000 0.798 0.000 0.000 512.000 0.399
245760.000 184.040 14336.000 10.736 768.000 0.575 0.000 0.000 0.000 0.000
215040.000 163.444 28672.000 21.793 1024.000 0.778 0.000 0.000 512.000 0.389
194944.000 151.034 28672.000 22.214 1024.000 0.793 0.000 0.000 512.000 0.397
189056.000 147.580 28672.000 22.382 1024.000 0.799 0.000 0.000 512.000 0.400
197376.000 154.960 28672.000 22.510 768.000 0.603 0.000 0.000 512.000 0.402
186624.000 145.587 14336.000 11.184 1024.000 0.799 0.000 0.000 512.000 0.399
245760.000 189.101 14336.000 11.031 768.000 0.591 0.000 0.000 0.000 0.000
196224.000 153.492 28672.000 22.428 656.000 0.513 0.000 0.000 512.000 0.401
218496.000 152.549 28672.000 20.018 0.000 0.000 0.000 0.000 512.000 0.357
197376.000 153.465 28672.000 22.293 0.000 0.000 0.000 0.000 512.000 0.398
186624.000 145.580 28672.000 22.366 0.000 0.000 0.000 0.000 512.000 0.399
184832.000 142.235 21872.000 16.831 0.000 0.000 0.000 0.000 512.000 0.394
245248.000 190.518 6792.000 5.276 0.000 0.000 0.000 0.000 0.000 0.000
203136.000 158.683 28672.000 22.398 0.000 0.000 0.000 0.000 512.000 0.400
196224.000 153.361 28672.000 22.409 0.000 0.000 0.000 0.000 512.000 0.400
189440.000 147.368 28672.000 22.304 0.000 0.000 0.000 0.000 512.000 0.398
223744.000 157.277 28672.000 20.155 0.000 0.000 0.000 0.000 512.000 0.360
195200.000 150.078 28672.000 22.044 0.000 0.000 0.000 0.000 512.000 0.394
221056.000 170.861 0.000 0.000 0.000 0.000 0.000 0.000 256.000 0.198
215040.000 167.615 28672.000 22.349 0.000 0.000 0.000 0.000 256.000 0.200
198400.000 152.813 28672.000 22.084 0.000 0.000 0.000 0.000 512.000 0.394
198656.000 152.333 28672.000 21.986 0.000 0.000 0.000 0.000 512.000 0.393
187392.000 145.374 28672.000 22.243 0.000 0.000 0.000 0.000 512.000 0.397
208768.000 154.957 28672.000 21.282 0.000 0.000 0.000 0.000 512.000 0.380
220416.000 169.413 0.000 0.000 0.000 0.000 0.000 0.000 256.000 0.197
202880.000 156.250 28672.000 22.082 0.000 0.000 0.000 0.000 256.000 0.197
215680.000 150.904 28672.000 20.061 0.000 0.000 0.000 0.000 512.000 0.358
182400.000 140.549 28672.000 22.093 0.000 0.000 0.000 0.000 512.000 0.395
180096.000 139.951 28672.000 22.281 0.000 0.000 0.000 0.000 512.000 0.398
144640.000 111.315 28672.000 22.066 0.000 0.000 0.000 0.000 512.000 0.394
0.000 0.000 0.000 0.000 0.000 0.000 0.000 0.000 0.000 0.000
0.000 0.000 0.000 0.000 0.000 0.000 0.000 0.000 0.000 0.000
0.000 0.000 0.000 0.000 0.000 0.000 0.000 0.000 0.000 0.000
0.000 0.000 0.000 0.000 0.000 0.000 0.000 0.000 0.000 0.000
0.000 0.000 0.000 0.000 0.000 0.000 0.000 0.000 0.000 0.000
163712.000 119.153 0.000 0.000 21760.000 15.837 240.000 0.175 0.000 0.000
188800.000 142.650 28672.000 21.663 768.000 0.580 0.000 0.000 512.000 0.387
181760.000 140.107 28672.000 22.101 1024.000 0.789 0.000 0.000 512.000 0.395
202496.000 146.676 28672.000 20.768 1024.000 0.742 0.000 0.000 512.000 0.371
188928.000 146.276 14336.000 11.099 1024.000 0.793 0.000 0.000 512.000 0.396
243456.000 186.727 14336.000 10.995 768.000 0.589 0.000 0.000 0.000 0.000
191360.000 147.403 28672.000 22.086 1024.000 0.789 0.000 0.000 512.000 0.394
194944.000 152.112 28672.000 22.372 768.000 0.599 0.000 0.000 512.000 0.400
194048.000 152.220 28672.000 22.492 1024.000 0.803 0.000 0.000 512.000 0.402
189952.000 148.828 28672.000 22.465 1024.000 0.802 0.000 0.000 512.000 0.401
215040.000 150.922 14336.000 10.061 1024.000 0.719 0.000 0.000 512.000 0.359
245760.000 170.987 14336.000 9.974 768.000 0.534 0.000 0.000 256.000 0.178
228096.000 175.929 28672.000 22.115 1024.000 0.790 0.000 0.000 256.000 0.197
186624.000 145.146 28672.000 22.299 1024.000 0.796 0.000 0.000 512.000 0.398
199680.000 154.706 28672.000 22.214 768.000 0.595 0.000 0.000 512.000 0.397
198656.000 151.906 28672.000 21.925 1024.000 0.783 0.000 0.000 512.000 0.392
194304.000 149.490 28672.000 22.059 1024.000 0.788 0.000 0.000 512.000 0.394
221440.000 171.996 0.000 0.000 768.000 0.597 0.000 0.000 128.000 0.099
230400.000 168.422 28672.000 20.959 1024.000 0.749 0.000 0.000 384.000 0.281
199680.000 152.760 28672.000 21.935 1024.000 0.783 0.000 0.000 512.000 0.392
194432.000 149.765 28672.000 22.085 768.000 0.592 0.000 0.000 512.000 0.394
189568.000 147.138 28672.000 22.254 1024.000 0.795 0.000 0.000 512.000 0.397
199680.000 155.337 28672.000 22.305 1024.000 0.797 0.000 0.000 512.000 0.398
215040.000 168.503 0.000 0.000 768.000 0.602 0.000 0.000 256.000 0.201
215040.000 165.349 28672.000 22.047 1024.000 0.787 0.000 0.000 256.000 0.197
199680.000 154.536 28672.000 22.190 768.000 0.594 0.000 0.000 512.000 0.396
211712.000 153.555 28672.000 20.796 1024.000 0.743 0.000 0.000 512.000 0.371
190592.000 147.856 28672.000 22.243 1024.000 0.794 0.000 0.000 512.000 0.397
196736.000 153.414 28672.000 22.358 1024.000 0.799 0.000 0.000 512.000 0.399
215040.000 164.912 0.000 0.000 768.000 0.589 0.000 0.000 256.000 0.196
227200.000 175.036 28672.000 22.089 1024.000 0.789 0.000 0.000 256.000 0.197
187520.000 145.792 28672.000 22.292 768.000 0.597 0.000 0.000 512.000 0.398
199680.000 155.634 28672.000 22.347 1024.000 0.798 0.000 0.000 512.000 0.399
236032.000 153.848 28672.000 18.689 1024.000 0.667 0.000 0.000 512.000 0.334
194432.000 148.495 28672.000 21.898 1024.000 0.782 0.000 0.000 512.000 0.391
188416.000 146.147 27384.000 21.241 1024.000 0.794 0.000 0.000 512.000 0.397
241280.000 187.398 1280.000 0.994 768.000 0.596 0.000 0.000 0.000 0.000
206976.000 161.103 28672.000 22.317 1024.000 0.797 0.000 0.000 512.000 0.399
192384.000 148.260 28672.000 22.096 768.000 0.592 0.000 0.000 512.000 0.395
199680.000 153.932 28672.000 22.103 1024.000 0.789 0.000 0.000 512.000 0.395
189696.000 148.336 28672.000 22.420 1024.000 0.801 0.000 0.000 512.000 0.400
204800.000 149.221 28672.000 20.891 1024.000 0.746 0.000 0.000 512.000 0.373
235264.000 182.470 0.000 0.000 512.000 0.397 0.000 0.000 0.000 0.000
212096.000 163.669 28672.000 22.126 1280.000 0.988 0.000 0.000 512.000 0.395
189824.000 146.145 28672.000 22.075 656.000 0.505 0.000 0.000 512.000 0.394
197120.000 153.385 28672.000 22.311 0.000 0.000 0.000 0.000 512.000 0.398
192256.000 150.185 28672.000 22.398 0.000 0.000 0.000 0.000 512.000 0.400
191744.000 148.974 14336.000 11.138 0.000 0.000 0.000 0.000 512.000 0.398
245760.000 180.468 14336.000 10.527 0.000 0.000 0.000 0.000 0.000 0.000
215040.000 163.607 28672.000 21.814 0.000 0.000 0.000 0.000 512.000 0.390
191488.000 148.324 28672.000 22.209 0.000 0.000 0.000 0.000 512.000 0.397
192384.000 150.315 28672.000 22.402 0.000 0.000 0.000 0.000 512.000 0.400
191616.000 149.907 28672.000 22.431 0.000 0.000 0.000 0.000 512.000 0.401
192384.000 147.363 14336.000 10.981 0.000 0.000 0.000 0.000 512.000 0.392
245760.000 189.946 14336.000 11.080 0.000 0.000 0.000 0.000 0.000 0.000
199680.000 155.560 28672.000 22.337 0.000 0.000 0.000 0.000 512.000 0.399
210560.000 153.973 28672.000 20.967 0.000 0.000 0.000 0.000 512.000 0.374
188800.000 145.605 28672.000 22.112 0.000 0.000 0.000 0.000 512.000 0.395
230400.000 158.038 28672.000 19.667 0.000 0.000 0.000 0.000 512.000 0.351
199680.000 153.663 28672.000 22.064 0.000 0.000 0.000 0.000 512.000 0.394
199680.000 153.578 11624.000 8.940 0.000 0.000 0.000 0.000 384.000 0.295
241024.000 187.312 17040.000 13.243 0.000 0.000 0.000 0.000 128.000 0.099
178304.000 137.293 28672.000 22.077 0.000 0.000 0.000 0.000 512.000 0.394
188928.000 146.580 28672.000 22.245 0.000 0.000 0.000 0.000 512.000 0.397
195968.000 142.553 28672.000 20.857 0.000 0.000 0.000 0.000 512.000 0.372
180096.000 139.553 28672.000 22.217 0.000 0.000 0.000 0.000 512.000 0.397
187136.000 146.519 14336.000 11.224 0.000 0.000 0.000 0.000 512.000 0.401
0.000 0.000 14336.000 9.456 0.000 0.000 0.000 0.000 0.000 0.000
0.000 0.000 0.000 0.000 0.000 0.000 0.000 0.000 0.000 0.000
0.000 0.000 0.000 0.000 0.000 0.000 0.000 0.000 0.000 0.000
0.000 0.000 0.000 0.000 0.000 0.000 0.000 0.000 0.000 0.000
0.000 0.000 0.000 0.000 0.000 0.000 0.000 0.000 0.000 0.000
151808.000 110.489 0.000 0.000 20224.000 14.719 240.000 0.175 0.000 0.000
200832.000 152.541 28672.000 21.778 768.000 0.583 0.000 0.000 256.000 0.194
196992.000 151.134 28672.000 21.997 1024.000 0.786 0.000 0.000 256.000 0.196
202496.000 156.672 28672.000 22.184 1024.000 0.792 0.000 0.000 256.000 0.198
189952.000 147.384 28672.000 22.247 768.000 0.596 0.000 0.000 256.000 0.199
229376.000 175.532 0.000 0.000 1024.000 0.784 0.000 0.000 128.000 0.098
245760.000 177.444 28672.000 20.702 1024.000 0.739 0.000 0.000 128.000 0.092
215040.000 165.563 28672.000 22.075 768.000 0.591 0.000 0.000 256.000 0.197
206208.000 160.581 28672.000 22.328 768.000 0.598 0.000 0.000 256.000 0.199
208512.000 161.252 28672.000 22.173 1024.000 0.792 0.000 0.000 256.000 0.198
215040.000 163.961 28672.000 21.861 768.000 0.586 0.000 0.000 256.000 0.195
204672.000 158.004 28672.000 22.134 1024.000 0.791 0.000 0.000 256.000 0.198
210048.000 163.121 28672.000 22.266 768.000 0.596 0.000 0.000 256.000 0.199
215040.000 160.620 14336.000 10.708 1024.000 0.765 0.000 0.000 256.000 0.191
247040.000 157.936 36840.000 23.552 1024.000 0.655 0.000 0.000 256.000 0.164
244480.000 186.065 6160.000 4.688 1024.000 0.779 0.000 0.000 0.000 0.000
230400.000 177.546 28672.000 22.095 768.000 0.592 0.000 0.000 256.000 0.197
201472.000 156.838 28672.000 22.320 768.000 0.598 0.000 0.000 256.000 0.199
213248.000 164.350 28672.000 22.098 1024.000 0.789 0.000 0.000 256.000 0.197
215040.000 164.790 28672.000 21.972 768.000 0.589 0.000 0.000 256.000 0.196
202880.000 156.709 28672.000 22.147 1024.000 0.791 0.000 0.000 256.000 0.198
227200.000 165.010 28672.000 20.824 1024.000 0.744 0.000 0.000 256.000 0.186
206848.000 159.676 28672.000 22.133 768.000 0.593 0.000 0.000 256.000 0.198
223232.000 170.695 0.000 0.000 1024.000 0.783 0.000 0.000 128.000 0.098
230400.000 178.229 28672.000 22.180 768.000 0.594 0.000 0.000 128.000 0.099
214400.000 167.301 28672.000 22.373 1024.000 0.799 0.000 0.000 256.000 0.200
200320.000 157.168 28672.000 22.496 768.000 0.603 0.000 0.000 256.000 0.201
209792.000 163.468 28672.000 22.341 768.000 0.598 0.000 0.000 256.000 0.199
220288.000 161.298 28672.000 20.994 1024.000 0.750 0.000 0.000 256.000 0.187
230400.000 166.623 28672.000 20.735 1024.000 0.741 0.000 0.000 256.000 0.185
202112.000 156.587 28672.000 22.214 768.000 0.595 0.000 0.000 256.000 0.198
212608.000 166.046 512.000 0.400 1024.000 0.800 0.000 0.000 256.000 0.200
245760.000 188.364 28160.000 21.583 1024.000 0.785 0.000 0.000 0.000 0.000
211200.000 162.801 28672.000 22.101 768.000 0.592 0.000 0.000 256.000 0.197
203392.000 159.006 28672.000 22.415 768.000 0.600 0.000 0.000 256.000 0.200
209024.000 163.013 28672.000 22.361 768.000 0.599 0.000 0.000 256.000 0.200
220544.000 162.931 28672.000 21.182 1024.000 0.757 0.000 0.000 256.000 0.189
210944.000 160.800 28672.000 21.856 1024.000 0.781 0.000 0.000 256.000 0.195
206592.000 158.965 28672.000 22.062 768.000 0.591 0.000 0.000 256.000 0.197
212608.000 163.977 10696.000 8.249 1024.000 0.790 0.000 0.000 256.000 0.197
245760.000 190.186 17968.000 13.905 1024.000 0.792 0.000 0.000 0.000 0.000
210432.000 161.580 28672.000 22.016 768.000 0.590 0.000 0.000 256.000 0.197
204288.000 157.643 28672.000 22.125 144.000 0.111 0.000 0.000 256.000 0.198
216064.000 162.629 28672.000 21.581 0.000 0.000 0.000 0.000 256.000 0.193
229376.000 167.137 28672.000 20.892 0.000 0.000 0.000 0.000 256.000 0.187
205184.000 158.441 28672.000 22.140 0.000 0.000 0.000 0.000 256.000 0.198
250880.000 167.316 28672.000 19.122 0.000 0.000 0.000 0.000 256.000 0.171
204416.000 157.086 28672.000 22.033 0.000 0.000 0.000 0.000 256.000 0.197
204288.000 157.360 28152.000 21.685 0.000 0.000 0.000 0.000 256.000 0.197
241152.000 186.561 512.000 0.396 0.000 0.000 0.000 0.000 0.000 0.000
226304.000 172.888 28672.000 21.904 0.000 0.000 0.000 0.000 256.000 0.196
219136.000 162.682 28672.000 21.286 0.000 0.000 0.000 0.000 256.000 0.190
215040.000 164.401 28672.000 21.920 0.000 0.000 0.000 0.000 256.000 0.196
205056.000 158.037 28672.000 22.098 0.000 0.000 0.000 0.000 256.000 0.197
209664.000 161.759 28672.000 22.121 0.000 0.000 0.000 0.000 256.000 0.198
215040.000 163.657 28672.000 21.821 0.000 0.000 0.000 0.000 256.000 0.195
211968.000 163.503 28672.000 22.116 0.000 0.000 0.000 0.000 256.000 0.197
217984.000 169.125 0.000 0.000 0.000 0.000 0.000 0.000 128.000 0.099
230400.000 178.989 28672.000 22.274 0.000 0.000 0.000 0.000 128.000 0.099
941056.000 116.642 143360.000 17.769 0.000 0.000 0.000 0.000 1280.000 0.159
0.000 0.000 0.000 0.000 0.000 0.000 0.000 0.000 0.000 0.000
0.000 0.000 0.000 0.000 0.000 0.000 0.000 0.000 0.000 0.000
0.000 0.000 0.000 0.000 0.000 0.000 0.000 0.000 0.000 0.000
0.000 0.000 0.000 0.000 0.000 0.000 0.000 0.000 0.000 0.000
0.000 0.000 0.000 0.000 0.000 0.000 0.000 0.000 0.000 0.000
0.000 0.000 0.000 0.000 0.000 0.000 0.000 0.000 0.000 0.000
0.000 0.000 0.000 0.000 0.000 0.000 0.000 0.000 0.000 0.000
0.000 0.000 0.000 0.000 0.000 0.000 0.000 0.000 0.000 0.000
0.000 0.000 0.000 0.000 0.000 0.000 0.000 0.000 0.000 0.000
0.000 0.000 0.000 0.000 0.000 0.000 0.000 0.000 0.000 0.000
0.000 0.000 0.000 0.000 0.000 0.000 0.000 0.000 0.000 0.000
0.000 0.000 0.000 0.000 0.000 0.000 0.000 0.000 0.000 0.000
0.000 0.000 0.000 0.000 0.000 0.000 0.000 0.000 0.000 0.000
0.000 0.000 0.000 0.000 0.000 0.000 0.000 0.000 0.000 0.000
0.000 0.000 0.000 0.000 0.000 0.000 0.000 0.000 0.000 0.000
0.000 0.000 32256.000 22.851 16384.000 11.607 36.000 0.026 390784.000 276.847
0.000 0.000 35840.000 26.656 3584.000 2.666 0.000 0.000 431616.000 321.009
0.000 0.000 35840.000 27.130 3328.000 2.519 0.000 0.000 430848.000 326.138
0.000 0.000 37632.000 27.356 3840.000 2.791 0.000 0.000 442880.000 321.942
0.000 0.000 35840.000 27.069 3584.000 2.707 0.000 0.000 441728.000 333.631
0.000 0.000 36536.000 27.550 3584.000 2.702 0.000 0.000 421120.000 317.541
0.000 0.000 45888.000 27.482 4352.000 2.606 0.000 0.000 543616.000 325.573
0.000 0.000 43008.000 26.973 4352.000 2.729 0.000 0.000 526336.000 330.095
0.000 0.000 35840.000 26.973 3584.000 2.697 0.000 0.000 435328.000 327.622
0.000 0.000 37632.000 28.500 3584.000 2.714 0.000 0.000 432128.000 327.266
0.000 0.000 35840.000 27.334 3584.000 2.733 0.000 0.000 431744.000 329.274
0.000 0.000 35840.000 27.139 3584.000 2.714 0.000 0.000 433536.000 328.290
0.000 0.000 37632.000 28.623 3584.000 2.726 0.000 0.000 435456.000 331.206
0.000 0.000 39424.000 26.846 3840.000 2.615 0.000 0.000 484224.000 329.729
0.000 0.000 35840.000 26.871 3584.000 2.687 0.000 0.000 435072.000 326.190
0.000 0.000 37632.000 28.401 3584.000 2.705 0.000 0.000 444672.000 335.594
0.000 0.000 35840.000 27.222 3584.000 2.722 0.000 0.000 422656.000 321.021
0.000 0.000 37632.000 28.513 3584.000 2.715 0.000 0.000 436992.000 331.095
0.000 0.000 37632.000 26.811 3840.000 2.736 0.000 0.000 466176.000 332.126
0.000 0.000 37632.000 28.341 3584.000 2.699 0.000 0.000 434176.000 326.979
0.000 0.000 37632.000 27.056 3840.000 2.761 0.000 0.000 459520.000 330.376
0.000 0.000 37632.000 27.892 3584.000 2.656 0.000 0.000 436224.000 323.323
0.000 0.000 35840.000 26.826 3584.000 2.683 0.000 0.000 440576.000 329.772
0.000 0.000 37632.000 28.360 3584.000 2.701 0.000 0.000 438272.000 330.288
0.000 0.000 35840.000 27.035 3584.000 2.704 0.000 0.000 442496.000 333.788
0.000 0.000 37632.000 28.194 3840.000 2.877 0.000 0.000 436736.000 327.202
0.000 0.000 37632.000 27.889 3584.000 2.656 0.000 0.000 437248.000 324.043
0.000 0.000 35840.000 26.887 3584.000 2.689 0.000 0.000 445824.000 334.452
0.000 0.000 39424.000 27.812 3840.000 2.709 0.000 0.000 458752.000 323.630
0.000 0.000 35840.000 27.006 3584.000 2.701 0.000 0.000 444416.000 334.880
0.000 0.000 37632.000 28.193 3584.000 2.685 0.000 0.000 435840.000 326.516
0.000 0.000 35840.000 27.002 3584.000 2.700 0.000 0.000 445696.000 335.794
0.000 0.000 37632.000 28.197 3584.000 2.685 0.000 0.000 431872.000 323.599
0.000 0.000 37632.000 27.351 3840.000 2.791 0.000 0.000 453248.000 329.424
0.000 0.000 35840.000 27.010 3584.000 2.701 0.000 0.000 433920.000 327.008
0.000 0.000 39424.000 27.785 3840.000 2.706 0.000 0.000 465536.000 328.103
0.000 0.000 35840.000 26.700 3584.000 2.670 0.000 0.000 437632.000 326.024
0.000 0.000 37632.000 28.452 3584.000 2.710 0.000 0.000 435968.000 329.620
0.000 0.000 35840.000 27.090 3584.000 2.709 0.000 0.000 431360.000 326.047
0.000 0.000 37632.000 28.271 1888.000 1.418 0.000 0.000 448640.000 337.039
0.000 0.000 35840.000 27.055 0.000 0.000 0.000 0.000 433024.000 326.887
0.000 0.000 37632.000 28.499 0.000 0.000 0.000 0.000 442880.000 335.396
0.000 0.000 35840.000 26.927 0.000 0.000 0.000 0.000 438784.000 329.657
0.000 0.000 7168.000 4.408 0.000 0.000 0.000 0.000 57344.000 35.266
