65408.000 11.651 0.000 0.000 800.000 0.142 128.000 0.023 1280.000 0.228
0.000 0.000 31360.000 22.421 0.000 0.000 0.000 0.000 1280.000 0.915
0.000 0.000 0.000 0.000 0.000 0.000 0.000 0.000 0.000 0.000
0.000 0.000 0.000 0.000 0.000 0.000 0.000 0.000 0.000 0.000
0.000 0.000 0.000 0.000 0.000 0.000 0.000 0.000 0.000 0.000
0.000 0.000 0.000 0.000 0.000 0.000 0.000 0.000 0.000 0.000
0.000 0.000 0.000 0.000 0.000 0.000 0.000 0.000 0.000 0.000
0.000 0.000 0.000 0.000 0.000 0.000 0.000 0.000 0.000 0.000
0.000 0.000 0.000 0.000 0.000 0.000 0.000 0.000 0.000 0.000
0.000 0.000 0.000 0.000 0.000 0.000 0.000 0.000 0.000 0.000
1043904.000 158.785 109760.000 16.695 5184.000 0.789 3188.000 0.485 7680.000 1.168
297408.000 214.884 0.000 0.000 0.000 0.000 0.000 0.000 0.000 0.000
258112.000 188.655 0.000 0.000 0.000 0.000 0.000 0.000 0.000 0.000
996896.000 160.764 58800.000 9.482 6160.000 0.993 2912.000 0.470 83200.000 13.417
286928.000 195.523 0.000 0.000 0.000 0.000 0.000 0.000 0.000 0.000
265040.000 191.965 0.000 0.000 0.000 0.000 0.000 0.000 0.000 0.000
265888.000 193.469 0.000 0.000 0.000 0.000 0.000 0.000 0.000 0.000
1109072.000 188.344 19600.000 3.328 1440.000 0.245 2140.000 0.363 3200.000 0.543
288720.000 208.507 0.000 0.000 0.000 0.000 0.000 0.000 0.000 0.000
178352.000 132.516 19600.000 14.563 0.000 0.000 0.000 0.000 3200.000 2.378
0.000 0.000 0.000 0.000 0.000 0.000 0.000 0.000 0.000 0.000
935184.000 162.565 0.000 0.000 1440.000 0.250 2140.000 0.372 0.000 0.000
290752.000 209.679 0.000 0.000 0.000 0.000 0.000 0.000 0.000 0.000
233536.000 170.761 0.000 0.000 0.000 0.000 0.000 0.000 3200.000 2.340
0.000 0.000 19600.000 15.281 0.000 0.000 0.000 0.000 0.000 0.000
876432.000 154.923 0.000 0.000 1392.000 0.246 2136.000 0.378 0.000 0.000
303552.000 200.807 0.000 0.000 0.000 0.000 0.000 0.000 0.000 0.000
279616.000 202.190 0.000 0.000 0.000 0.000 0.000 0.000 0.000 0.000
0.000 0.000 19600.000 15.214 0.000 0.000 0.000 0.000 1600.000 1.242
0.000 0.000 0.000 0.000 0.000 0.000 0.000 0.000 0.000 0.000
0.000 0.000 6400.000 2.466 4496.000 1.733 36.000 0.014 78400.000 30.211
