50688.000 42.169 0.000 0.000 15392.000 12.805 464.000 0.386 0.000 0.000
182784.000 131.790 28672.000 20.673 0.000 0.000 0.000 0.000 512.000 0.369
172032.000 131.021 14336.000 10.918 0.000 0.000 0.000 0.000 512.000 0.390
217088.000 165.491 14336.000 10.929 0.000 0.000 0.000 0.000 0.000 0.000
176384.000 136.157 28672.000 22.133 0.000 0.000 0.000 0.000 512.000 0.395
189952.000 138.312 28672.000 20.877 0.000 0.000 0.000 0.000 512.000 0.373
189952.000 143.800 28672.000 21.706 0.000 0.000 0.000 0.000 512.000 0.388
176384.000 135.302 28672.000 21.994 0.000 0.000 0.000 0.000 512.000 0.393
179712.000 137.019 28672.000 21.861 0.000 0.000 0.000 0.000 512.000 0.390
173056.000 132.793 14336.000 11.001 0.000 0.000 0.000 0.000 512.000 0.393
217088.000 166.988 14336.000 11.028 0.000 0.000 0.000 0.000 0.000 0.000
189952.000 147.153 28672.000 22.212 0.000 0.000 0.000 0.000 512.000 0.397
176384.000 135.939 28672.000 22.098 0.000 0.000 0.000 0.000 512.000 0.395
189952.000 137.212 28672.000 20.711 0.000 0.000 0.000 0.000 512.000 0.370
175488.000 134.531 28672.000 21.980 0.000 0.000 0.000 0.000 512.000 0.393
172928.000 132.020 28672.000 21.889 0.000 0.000 0.000 0.000 512.000 0.391
152064.000 118.479 25128.000 19.578 0.000 0.000 0.000 0.000 512.000 0.399
0.000 0.000 3536.000 2.162 0.000 0.000 0.000 0.000 0.000 0.000
126720.000 88.074 0.000 0.000 15376.000 10.687 464.000 0.322 0.000 0.000
177408.000 131.762 28672.000 21.295 0.000 0.000 0.000 0.000 512.000 0.380
183680.000 130.305 28672.000 20.340 0.000 0.000 0.000 0.000 512.000 0.363
189056.000 142.227 28672.000 21.570 0.000 0.000 0.000 0.000 512.000 0.385
171136.000 131.246 28672.000 21.989 0.000 0.000 0.000 0.000 512.000 0.393
208768.000 159.147 0.000 0.000 0.000 0.000 0.000 0.000 128.000 0.098
203520.000 155.808 28672.000 21.950 0.000 0.000 0.000 0.000 384.000 0.294
176384.000 135.353 28672.000 22.002 0.000 0.000 0.000 0.000 512.000 0.393
189952.000 138.285 28672.000 20.873 0.000 0.000 0.000 0.000 512.000 0.373
177280.000 135.668 28672.000 21.942 0.000 0.000 0.000 0.000 512.000 0.392
202112.000 145.576 28672.000 20.652 0.000 0.000 0.000 0.000 512.000 0.369
174592.000 134.617 28672.000 22.107 0.000 0.000 0.000 0.000 512.000 0.395
178688.000 136.720 14336.000 10.969 0.000 0.000 0.000 0.000 512.000 0.392
217088.000 167.660 14336.000 11.072 0.000 0.000 0.000 0.000 0.000 0.000
164736.000 126.982 28672.000 22.101 0.000 0.000 0.000 0.000 512.000 0.395
168192.000 130.660 28672.000 22.274 0.000 0.000 0.000 0.000 512.000 0.398
72576.000 52.584 28672.000 20.774 0.000 0.000 0.000 0.000 512.000 0.371
0.000 0.000 0.000 0.000 0.000 0.000 0.000 0.000 0.000 0.000
202752.000 136.615 14336.000 9.660 14480.000 9.757 464.000 0.313 256.000 0.172
202752.000 151.381 14336.000 10.704 0.000 0.000 0.000 0.000 0.000 0.000
198016.000 149.594 28672.000 21.661 0.000 0.000 0.000 0.000 256.000 0.193
185088.000 141.778 28672.000 21.963 0.000 0.000 0.000 0.000 256.000 0.196
186752.000 142.133 28672.000 21.822 0.000 0.000 0.000 0.000 256.000 0.195
189952.000 146.236 28672.000 22.073 0.000 0.000 0.000 0.000 256.000 0.197
183168.000 141.802 28672.000 22.197 0.000 0.000 0.000 0.000 256.000 0.198
196864.000 141.455 28672.000 20.602 0.000 0.000 0.000 0.000 256.000 0.184
189824.000 145.888 28672.000 22.036 0.000 0.000 0.000 0.000 256.000 0.197
189952.000 144.173 1608.000 1.220 0.000 0.000 0.000 0.000 256.000 0.194
217088.000 167.580 27056.000 20.886 0.000 0.000 0.000 0.000 0.000 0.000
189952.000 140.096 28672.000 21.147 0.000 0.000 0.000 0.000 256.000 0.189
189952.000 145.777 28672.000 22.004 0.000 0.000 0.000 0.000 256.000 0.196
180992.000 138.553 28672.000 21.949 0.000 0.000 0.000 0.000 256.000 0.196
183040.000 133.105 28672.000 20.850 0.000 0.000 0.000 0.000 256.000 0.186
95744.000 69.276 28672.000 20.746 0.000 0.000 0.000 0.000 256.000 0.185
0.000 0.000 0.000 0.000 0.000 0.000 0.000 0.000 0.000 0.000
0.000 0.000 0.000 0.000 0.000 0.000 0.000 0.000 0.000 0.000
0.000 0.000 0.000 0.000 0.000 0.000 0.000 0.000 0.000 0.000
0.000 0.000 11824.000 7.953 16640.000 11.192 16.000 0.011 193536.000 130.176
0.000 0.000 24456.000 17.003 4960.000 3.448 0.000 0.000 387968.000 269.731
0.000 0.000 26432.000 17.192 0.000 0.000 0.000 0.000 426624.000 277.481
0.000 0.000 25536.000 17.927 0.000 0.000 0.000 0.000 405504.000 284.676
94128.000 58.547 12096.000 7.524 2272.000 1.413 128.000 0.080 192000.000 119.422
200400.000 140.903 50176.000 35.279 3088.000 2.171 580.000 0.408 2048.000 1.440
350080.000 258.656 62720.000 46.340 0.000 0.000 0.000 0.000 3072.000 2.270
191360.000 133.719 37632.000 26.297 3424.000 2.393 2760.000 1.929 1024.000 0.716
435904.000 303.257 0.000 0.000 0.000 0.000 0.000 0.000 0.000 0.000
465856.000 306.246 0.000 0.000 0.000 0.000 0.000 0.000 0.000 0.000
2224640.000 278.823 50176.000 6.289 3088.000 0.387 972.000 0.122 8192.000 1.027
391552.000 245.026 50176.000 31.399 0.000 0.000 0.000 0.000 6144.000 3.845
233088.000 158.844 25088.000 17.097 0.000 0.000 0.000 0.000 4096.000 2.791
468352.000 331.066 0.000 0.000 2192.000 1.549 968.000 0.684 0.000 0.000
487552.000 354.395 0.000 0.000 0.000 0.000 0.000 0.000 0.000 0.000
389120.000 285.101 25088.000 18.382 0.000 0.000 0.000 0.000 2048.000 1.501
493312.000 355.848 0.000 0.000 0.000 0.000 0.000 0.000 0.000 0.000
493696.000 356.890 0.000 0.000 0.000 0.000 0.000 0.000 0.000 0.000
277632.000 167.769 25088.000 15.160 800.000 0.483 972.000 0.587 2048.000 1.238
499072.000 349.625 0.000 0.000 0.000 0.000 0.000 0.000 0.000 0.000
259968.000 184.992 25088.000 17.853 1616.000 1.150 972.000 0.692 4096.000 2.915
379136.000 271.525 25088.000 17.967 0.000 0.000 0.000 0.000 4096.000 2.933
271744.000 192.639 25088.000 17.785 1616.000 1.146 972.000 0.689 4096.000 2.904
375168.000 271.890 25088.000 18.182 0.000 0.000 0.000 0.000 4096.000 2.968
499072.000 353.821 0.000 0.000 0.000 0.000 0.000 0.000 0.000 0.000
297216.000 186.900 25088.000 15.776 1616.000 1.016 972.000 0.611 4096.000 2.576
430720.000 306.127 0.000 0.000 0.000 0.000 0.000 0.000 2048.000 1.456
446080.000 320.053 25088.000 18.000 0.000 0.000 0.000 0.000 2048.000 1.469
246528.000 172.064 25088.000 17.510 1616.000 1.128 972.000 0.678 4096.000 2.859
504064.000 355.337 0.000 0.000 0.000 0.000 0.000 0.000 0.000 0.000
367360.000 263.690 25088.000 18.008 0.000 0.000 0.000 0.000 4096.000 2.940
309888.000 218.681 25088.000 17.704 0.000 0.000 0.000 0.000 4096.000 2.890
549504.000 311.343 0.000 0.000 1616.000 0.916 972.000 0.551 0.000 0.000
365696.000 263.800 25088.000 18.098 0.000 0.000 0.000 0.000 4096.000 2.955
334080.000 227.552 25088.000 17.088 0.000 0.000 0.000 0.000 4096.000 2.790
262640.000 186.062 0.000 0.000 12944.000 9.170 2760.000 1.955 0.000 0.000
440384.000 311.843 0.000 0.000 0.000 0.000 0.000 0.000 0.000 0.000
440640.000 314.527 0.000 0.000 0.000 0.000 0.000 0.000 0.000 0.000
444480.000 316.230 0.000 0.000 0.000 0.000 0.000 0.000 0.000 0.000
477760.000 306.971 0.000 0.000 0.000 0.000 0.000 0.000 0.000 0.000
447936.000 316.406 0.000 0.000 0.000 0.000 0.000 0.000 0.000 0.000
445504.000 316.339 0.000 0.000 0.000 0.000 0.000 0.000 0.000 0.000
446528.000 316.525 0.000 0.000 0.000 0.000 0.000 0.000 0.000 0.000
443456.000 317.155 0.000 0.000 0.000 0.000 0.000 0.000 0.000 0.000
443104.000 316.618 0.000 0.000 0.000 0.000 0.000 0.000 0.000 0.000
449552.000 317.321 0.000 0.000 0.000 0.000 0.000 0.000 0.000 0.000
392624.000 264.075 25088.000 16.874 0.000 0.000 0.000 0.000 2048.000 1.377
446784.000 315.818 0.000 0.000 0.000 0.000 0.000 0.000 0.000 0.000
447424.000 316.606 0.000 0.000 0.000 0.000 0.000 0.000 0.000 0.000
445360.000 316.813 0.000 0.000 0.000 0.000 0.000 0.000 0.000 0.000
443584.000 317.363 0.000 0.000 0.000 0.000 0.000 0.000 0.000 0.000
446144.000 316.637 0.000 0.000 0.000 0.000 0.000 0.000 0.000 0.000
486736.000 313.193 0.000 0.000 0.000 0.000 0.000 0.000 0.000 0.000
475600.000 305.925 0.000 0.000 0.000 0.000 0.000 0.000 0.000 0.000
449344.000 315.724 0.000 0.000 0.000 0.000 0.000 0.000 0.000 0.000
445488.000 317.951 0.000 0.000 0.000 0.000 0.000 0.000 0.000 0.000
416816.000 298.339 0.000 0.000 0.000 0.000 0.000 0.000 1024.000 0.733
0.000 0.000 25088.000 17.425 0.000 0.000 0.000 0.000 1024.000 0.711
0.000 0.000 16384.000 11.718 11360.000 8.125 36.000 0.026 200704.000 143.544
