132608.000 113.679 86016.000 73.738 7776.000 6.666 176.000 0.151 3072.000 2.633
148992.000 108.607 114688.000 83.602 0.000 0.000 0.000 0.000 4096.000 2.986
123904.000 95.970 100352.000 77.728 0.000 0.000 0.000 0.000 4096.000 3.173
110592.000 83.899 100352.000 76.131 0.000 0.000 0.000 0.000 3072.000 2.331
0.000 0.000 0.000 0.000 0.000 0.000 0.000 0.000 0.000 0.000
192128.000 139.482 57344.000 41.631 18960.000 13.765 176.000 0.128 1024.000 0.743
250240.000 188.983 86016.000 64.960 0.000 0.000 0.000 0.000 1792.000 1.353
236800.000 180.083 114688.000 87.219 0.000 0.000 0.000 0.000 1792.000 1.363
279296.000 216.055 86016.000 66.539 0.000 0.000 0.000 0.000 1536.000 1.188
246784.000 179.295 114688.000 83.324 0.000 0.000 0.000 0.000 2048.000 1.488
269312.000 206.583 86016.000 65.981 0.000 0.000 0.000 0.000 1792.000 1.375
247808.000 181.590 114688.000 84.041 0.000 0.000 0.000 0.000 1792.000 1.313
268288.000 200.831 86016.000 64.389 0.000 0.000 0.000 0.000 1792.000 1.341
73728.000 50.823 57344.000 39.529 0.000 0.000 0.000 0.000 768.000 0.529
0.000 0.000 0.000 0.000 0.000 0.000 0.000 0.000 0.000 0.000
0.000 0.000 0.000 0.000 0.000 0.000 0.000 0.000 0.000 0.000
54784.000 39.366 0.000 0.000 18944.000 13.613 436.000 0.313 0.000 0.000
245120.000 169.551 0.000 0.000 1024.000 0.708 0.000 0.000 0.000 0.000
193152.000 131.289 28672.000 19.489 768.000 0.522 0.000 0.000 1024.000 0.696
232832.000 170.602 0.000 0.000 1024.000 0.750 0.000 0.000 0.000 0.000
179840.000 133.971 28672.000 21.359 768.000 0.572 0.000 0.000 1024.000 0.763
247936.000 183.168 0.000 0.000 1024.000 0.757 0.000 0.000 0.000 0.000
189824.000 142.162 14336.000 10.736 768.000 0.575 0.000 0.000 1024.000 0.767
238976.000 178.627 14336.000 10.716 1024.000 0.765 0.000 0.000 0.000 0.000
227968.000 169.172 0.000 0.000 768.000 0.570 0.000 0.000 0.000 0.000
204288.000 153.857 28672.000 21.594 1024.000 0.771 0.000 0.000 1024.000 0.771
262656.000 172.320 0.000 0.000 1024.000 0.672 0.000 0.000 0.000 0.000
204288.000 153.013 28672.000 21.476 1024.000 0.767 0.000 0.000 1024.000 0.767
244864.000 182.553 0.000 0.000 768.000 0.573 0.000 0.000 0.000 0.000
192000.000 144.541 28672.000 21.585 1024.000 0.771 0.000 0.000 1024.000 0.771
236544.000 175.833 0.000 0.000 768.000 0.571 0.000 0.000 0.000 0.000
189056.000 142.819 28672.000 21.660 1024.000 0.774 0.000 0.000 1024.000 0.774
246528.000 185.571 0.000 0.000 768.000 0.578 0.000 0.000 0.000 0.000
208768.000 142.009 28672.000 19.503 1024.000 0.697 0.000 0.000 1024.000 0.697
243584.000 181.099 0.000 0.000 768.000 0.571 0.000 0.000 0.000 0.000
189696.000 143.069 28672.000 21.624 1024.000 0.772 0.000 0.000 1024.000 0.772
248064.000 179.946 0.000 0.000 768.000 0.557 0.000 0.000 0.000 0.000
189696.000 142.285 28672.000 21.506 512.000 0.384 0.000 0.000 1024.000 0.768
246528.000 183.844 0.000 0.000 1280.000 0.955 0.000 0.000 0.000 0.000
191232.000 143.450 28672.000 21.508 512.000 0.384 0.000 0.000 1024.000 0.768
248064.000 176.914 0.000 0.000 1280.000 0.913 0.000 0.000 0.000 0.000
189696.000 140.771 14336.000 10.639 512.000 0.380 0.000 0.000 1024.000 0.760
248064.000 185.434 14336.000 10.717 1280.000 0.957 0.000 0.000 0.000 0.000
218880.000 164.273 0.000 0.000 768.000 0.576 0.000 0.000 256.000 0.192
204288.000 155.152 28672.000 21.776 1024.000 0.778 0.000 0.000 768.000 0.583
248064.000 184.943 0.000 0.000 768.000 0.573 0.000 0.000 0.000 0.000
189696.000 142.136 28672.000 21.483 1024.000 0.767 0.000 0.000 1024.000 0.767
258560.000 181.045 0.000 0.000 768.000 0.538 0.000 0.000 0.000 0.000
206848.000 145.913 28672.000 20.226 1024.000 0.722 0.000 0.000 1024.000 0.722
238464.000 176.643 0.000 0.000 768.000 0.569 0.000 0.000 0.000 0.000
192256.000 144.611 28672.000 21.566 1024.000 0.770 0.000 0.000 1024.000 0.770
242048.000 180.969 0.000 0.000 768.000 0.574 0.000 0.000 0.000 0.000
189696.000 141.530 28672.000 21.392 1024.000 0.764 0.000 0.000 1024.000 0.764
248064.000 183.535 0.000 0.000 768.000 0.568 0.000 0.000 0.000 0.000
189696.000 141.690 28672.000 21.416 784.000 0.586 0.000 0.000 1024.000 0.765
259968.000 180.439 0.000 0.000 0.000 0.000 0.000 0.000 0.000 0.000
192384.000 142.830 28672.000 21.287 0.000 0.000 0.000 0.000 1024.000 0.760
239104.000 178.997 0.000 0.000 0.000 0.000 0.000 0.000 0.000 0.000
193920.000 144.931 28672.000 21.429 0.000 0.000 0.000 0.000 1024.000 0.765
263552.000 180.625 0.000 0.000 0.000 0.000 0.000 0.000 0.000 0.000
181120.000 134.615 25832.000 19.199 0.000 0.000 0.000 0.000 1024.000 0.761
246528.000 185.020 2832.000 2.125 0.000 0.000 0.000 0.000 0.000 0.000
218240.000 155.741 0.000 0.000 0.000 0.000 0.000 0.000 512.000 0.365
233472.000 170.863 28672.000 20.983 0.000 0.000 0.000 0.000 512.000 0.375
233472.000 173.734 0.000 0.000 0.000 0.000 0.000 0.000 0.000 0.000
203392.000 153.331 28672.000 21.615 0.000 0.000 0.000 0.000 1024.000 0.772
238208.000 176.395 0.000 0.000 0.000 0.000 0.000 0.000 0.000 0.000
193152.000 144.992 28672.000 21.523 0.000 0.000 0.000 0.000 1024.000 0.769
240768.000 179.378 0.000 0.000 0.000 0.000 0.000 0.000 0.000 0.000
189696.000 142.525 28672.000 21.542 0.000 0.000 0.000 0.000 1024.000 0.769
262656.000 183.519 0.000 0.000 0.000 0.000 0.000 0.000 0.000 0.000
182528.000 137.048 28672.000 21.528 0.000 0.000 0.000 0.000 1024.000 0.769
226432.000 168.238 0.000 0.000 0.000 0.000 0.000 0.000 0.000 0.000
198144.000 136.743 28672.000 19.787 0.000 0.000 0.000 0.000 1024.000 0.707
232192.000 172.830 0.000 0.000 0.000 0.000 0.000 0.000 0.000 0.000
110208.000 81.092 28672.000 21.097 0.000 0.000 0.000 0.000 1024.000 0.753
0.000 0.000 0.000 0.000 0.000 0.000 0.000 0.000 0.000 0.000
0.000 0.000 0.000 0.000 0.000 0.000 0.000 0.000 0.000 0.000
0.000 0.000 0.000 0.000 0.000 0.000 0.000 0.000 0.000 0.000
201088.000 144.981 0.000 0.000 19712.000 14.212 436.000 0.314 0.000 0.000
229248.000 169.204 0.000 0.000 768.000 0.567 0.000 0.000 0.000 0.000
177408.000 133.337 28672.000 21.549 1024.000 0.770 0.000 0.000 1024.000 0.770
227712.000 169.376 0.000 0.000 768.000 0.571 0.000 0.000 0.000 0.000
187008.000 140.540 28672.000 21.548 1024.000 0.770 0.000 0.000 1024.000 0.770
262656.000 180.353 0.000 0.000 768.000 0.527 0.000 0.000 0.000 0.000
192128.000 143.364 28672.000 21.395 1024.000 0.764 0.000 0.000 1024.000 0.764
245632.000 183.236 0.000 0.000 768.000 0.573 0.000 0.000 0.000 0.000
189696.000 142.368 28672.000 21.519 1024.000 0.769 0.000 0.000 1024.000 0.769
246400.000 182.207 0.000 0.000 768.000 0.568 0.000 0.000 0.000 0.000
202752.000 144.744 28672.000 20.469 1024.000 0.731 0.000 0.000 1024.000 0.731
236672.000 176.060 0.000 0.000 768.000 0.571 0.000 0.000 0.000 0.000
205184.000 144.473 28672.000 20.188 768.000 0.541 0.000 0.000 1024.000 0.721
430464.000 162.668 28672.000 10.835 1792.000 0.677 0.000 0.000 1024.000 0.387
242048.000 177.774 0.000 0.000 1024.000 0.752 0.000 0.000 0.000 0.000
202112.000 151.278 13160.000 9.850 768.000 0.575 0.000 0.000 768.000 0.575
233472.000 174.582 15504.000 11.593 1024.000 0.766 0.000 0.000 256.000 0.191
233472.000 173.367 0.000 0.000 768.000 0.570 0.000 0.000 0.000 0.000
203776.000 152.917 28672.000 21.516 1024.000 0.768 0.000 0.000 1024.000 0.768
255488.000 178.069 0.000 0.000 1024.000 0.714 0.000 0.000 0.000 0.000
284928.000 153.915 28672.000 15.488 1024.000 0.553 0.000 0.000 1024.000 0.553
262656.000 152.015 28672.000 16.594 1280.000 0.741 0.000 0.000 1024.000 0.593
245504.000 180.993 0.000 0.000 768.000 0.566 0.000 0.000 0.000 0.000
188416.000 141.107 28672.000 21.473 768.000 0.575 0.000 0.000 1024.000 0.767
237312.000 177.199 0.000 0.000 1024.000 0.765 0.000 0.000 0.000 0.000
189696.000 141.214 14336.000 10.672 768.000 0.572 0.000 0.000 1024.000 0.762
262656.000 184.722 14336.000 10.082 1024.000 0.720 0.000 0.000 0.000 0.000
204288.000 151.209 4480.000 3.316 768.000 0.568 0.000 0.000 768.000 0.568
259072.000 175.077 24192.000 16.349 1280.000 0.865 0.000 0.000 256.000 0.173
207872.000 154.467 0.000 0.000 768.000 0.571 0.000 0.000 512.000 0.380
219776.000 165.081 28672.000 21.537 1024.000 0.769 0.000 0.000 512.000 0.385
247168.000 184.371 0.000 0.000 768.000 0.573 0.000 0.000 0.000 0.000
188544.000 142.496 28672.000 21.670 1024.000 0.774 0.000 0.000 1024.000 0.774
254720.000 177.964 0.000 0.000 768.000 0.537 0.000 0.000 0.000 0.000
193792.000 145.445 28672.000 21.519 1024.000 0.769 0.000 0.000 1024.000 0.769
238336.000 177.788 0.000 0.000 768.000 0.573 0.000 0.000 0.000 0.000
189696.000 142.662 28672.000 21.563 528.000 0.397 0.000 0.000 1024.000 0.770
248064.000 184.111 0.000 0.000 0.000 0.000 0.000 0.000 0.000 0.000
186880.000 141.994 28672.000 21.785 0.000 0.000 0.000 0.000 1024.000 0.778
236288.000 176.586 0.000 0.000 0.000 0.000 0.000 0.000 0.000 0.000
204288.000 145.868 28672.000 20.473 0.000 0.000 0.000 0.000 1024.000 0.731
248064.000 183.674 0.000 0.000 0.000 0.000 0.000 0.000 0.000 0.000
186752.000 141.193 28672.000 21.677 0.000 0.000 0.000 0.000 1024.000 0.774
236416.000 176.937 0.000 0.000 0.000 0.000 0.000 0.000 0.000 0.000
189696.000 142.490 14336.000 10.769 0.000 0.000 0.000 0.000 1024.000 0.769
246656.000 184.643 14336.000 10.732 0.000 0.000 0.000 0.000 0.000 0.000
220288.000 163.855 0.000 0.000 0.000 0.000 0.000 0.000 256.000 0.190
208384.000 157.145 28672.000 21.622 0.000 0.000 0.000 0.000 768.000 0.579
258560.000 165.831 0.000 0.000 0.000 0.000 0.000 0.000 512.000 0.328
218880.000 162.883 28672.000 21.337 0.000 0.000 0.000 0.000 512.000 0.381
241408.000 179.804 0.000 0.000 0.000 0.000 0.000 0.000 0.000 0.000
188800.000 142.089 28672.000 21.578 0.000 0.000 0.000 0.000 1024.000 0.771
241024.000 180.736 0.000 0.000 0.000 0.000 0.000 0.000 0.000 0.000
180736.000 136.477 28672.000 21.651 0.000 0.000 0.000 0.000 1024.000 0.773
229888.000 170.667 0.000 0.000 0.000 0.000 0.000 0.000 0.000 0.000
194688.000 134.702 28672.000 19.838 0.000 0.000 0.000 0.000 1024.000 0.708
230272.000 171.144 0.000 0.000 0.000 0.000 0.000 0.000 0.000 0.000
84736.000 60.370 28672.000 20.427 0.000 0.000 0.000 0.000 1024.000 0.730
0.000 0.000 0.000 0.000 0.000 0.000 0.000 0.000 0.000 0.000
0.000 0.000 0.000 0.000 0.000 0.000 0.000 0.000 0.000 0.000
0.000 0.000 0.000 0.000 0.000 0.000 0.000 0.000 0.000 0.000
226048.000 160.518 0.000 0.000 19712.000 13.998 436.000 0.310 0.000 0.000
212224.000 146.463 0.000 0.000 768.000 0.530 0.000 0.000 512.000 0.353
219136.000 162.278 28672.000 21.233 1280.000 0.948 0.000 0.000 512.000 0.379
219136.000 162.009 0.000 0.000 768.000 0.568 0.000 0.000 0.000 0.000
204288.000 151.104 28672.000 21.208 1024.000 0.757 0.000 0.000 1024.000 0.757
240384.000 177.522 0.000 0.000 768.000 0.567 0.000 0.000 0.000 0.000
193536.000 145.396 28672.000 21.540 1024.000 0.769 0.000 0.000 1024.000 0.769
237312.000 176.550 0.000 0.000 768.000 0.571 0.000 0.000 0.000 0.000
204288.000 145.543 28672.000 20.427 1024.000 0.730 0.000 0.000 1024.000 0.730
277248.000 182.489 0.000 0.000 768.000 0.506 0.000 0.000 0.000 0.000
189696.000 142.107 28672.000 21.479 1024.000 0.767 0.000 0.000 1024.000 0.767
244608.000 182.179 0.000 0.000 768.000 0.572 0.000 0.000 0.000 0.000
193152.000 144.796 28672.000 21.494 1024.000 0.768 0.000 0.000 1024.000 0.768
237696.000 176.216 0.000 0.000 768.000 0.569 0.000 0.000 0.000 0.000
195968.000 146.193 28672.000 21.390 1024.000 0.764 0.000 0.000 1024.000 0.764
238208.000 176.456 0.000 0.000 768.000 0.569 0.000 0.000 0.000 0.000
211712.000 147.489 28672.000 19.974 1024.000 0.713 0.000 0.000 1024.000 0.713
242432.000 179.332 0.000 0.000 768.000 0.568 0.000 0.000 0.000 0.000
192128.000 142.997 28672.000 21.340 768.000 0.572 0.000 0.000 1024.000 0.762
243200.000 180.286 0.000 0.000 1024.000 0.759 0.000 0.000 0.000 0.000
189696.000 142.173 14336.000 10.745 768.000 0.576 0.000 0.000 1024.000 0.767
248064.000 184.111 14336.000 10.640 1024.000 0.760 0.000 0.000 0.000 0.000
218880.000 164.170 0.000 0.000 768.000 0.576 0.000 0.000 256.000 0.192
228352.000 160.508 28672.000 20.154 1024.000 0.720 0.000 0.000 768.000 0.540
238592.000 176.476 0.000 0.000 768.000 0.568 0.000 0.000 0.000 0.000
190208.000 143.138 28672.000 21.577 1024.000 0.771 0.000 0.000 1024.000 0.771
247552.000 184.092 0.000 0.000 768.000 0.571 0.000 0.000 0.000 0.000
189696.000 142.696 28672.000 21.568 1024.000 0.770 0.000 0.000 1024.000 0.770
243456.000 181.256 0.000 0.000 768.000 0.572 0.000 0.000 0.000 0.000
187264.000 141.093 28672.000 21.603 1024.000 0.772 0.000 0.000 1024.000 0.772
255104.000 178.978 0.000 0.000 768.000 0.539 0.000 0.000 0.000 0.000
1753216.000 161.899 114688.000 10.591 6416.000 0.592 0.000 0.000 4096.000 0.378
202112.000 144.277 14336.000 10.234 0.000 0.000 0.000 0.000 1024.000 0.731
243456.000 183.628 14336.000 10.813 0.000 0.000 0.000 0.000 0.000 0.000
224128.000 141.994 21864.000 13.852 0.000 0.000 0.000 0.000 1024.000 0.649
247424.000 184.838 6800.000 5.080 0.000 0.000 0.000 0.000 0.000 0.000
218880.000 164.484 0.000 0.000 0.000 0.000 0.000 0.000 512.000 0.385
215936.000 162.789 28672.000 21.615 0.000 0.000 0.000 0.000 512.000 0.386
251008.000 172.284 0.000 0.000 0.000 0.000 0.000 0.000 0.000 0.000
204032.000 153.588 28672.000 21.583 0.000 0.000 0.000 0.000 1024.000 0.771
234240.000 175.122 0.000 0.000 0.000 0.000 0.000 0.000 0.000 0.000
189184.000 144.361 28672.000 21.879 0.000 0.000 0.000 0.000 1024.000 0.781
242432.000 182.278 0.000 0.000 0.000 0.000 0.000 0.000 0.000 0.000
184192.000 139.901 28672.000 21.777 0.000 0.000 0.000 0.000 1024.000 0.778
273792.000 181.975 0.000 0.000 0.000 0.000 0.000 0.000 0.000 0.000
247424.000 151.451 28672.000 17.550 0.000 0.000 0.000 0.000 1024.000 0.627
244608.000 178.523 0.000 0.000 0.000 0.000 0.000 0.000 0.000 0.000
182912.000 138.082 28672.000 21.645 0.000 0.000 0.000 0.000 1024.000 0.773
221056.000 165.493 0.000 0.000 0.000 0.000 0.000 0.000 0.000 0.000
178048.000 135.912 28672.000 21.887 0.000 0.000 0.000 0.000 1024.000 0.782
225920.000 169.657 0.000 0.000 0.000 0.000 0.000 0.000 0.000 0.000
116480.000 86.122 28672.000 21.199 0.000 0.000 0.000 0.000 1024.000 0.757
0.000 0.000 0.000 0.000 0.000 0.000 0.000 0.000 0.000 0.000
0.000 0.000 0.000 0.000 0.000 0.000 0.000 0.000 0.000 0.000
294912.000 210.920 28672.000 20.506 10448.000 7.472 176.000 0.126 1536.000 1.099
294912.000 220.312 71680.000 53.548 0.000 0.000 0.000 0.000 2560.000 1.912
302080.000 226.413 71680.000 53.725 0.000 0.000 0.000 0.000 2048.000 1.535
323456.000 243.752 57344.000 43.214 0.000 0.000 0.000 0.000 2048.000 1.543
321664.000 240.437 57344.000 42.863 0.000 0.000 0.000 0.000 2048.000 1.531
376064.000 256.157 57344.000 39.060 0.000 0.000 0.000 0.000 2048.000 1.395
151296.000 107.475 57344.000 40.735 0.000 0.000 0.000 0.000 2048.000 1.455
0.000 0.000 0.000 0.000 0.000 0.000 0.000 0.000 0.000 0.000
449024.000 282.609 12544.000 7.895 8592.000 5.408 408.000 0.257 256.000 0.161
429696.000 318.527 25088.000 18.597 0.000 0.000 0.000 0.000 512.000 0.380
433408.000 318.350 12544.000 9.214 0.000 0.000 0.000 0.000 256.000 0.188
418944.000 306.847 25088.000 18.375 0.000 0.000 0.000 0.000 512.000 0.375
526592.000 358.841 12544.000 8.548 0.000 0.000 0.000 0.000 256.000 0.174
158976.000 113.331 37632.000 26.827 2256.000 1.608 128.000 0.091 1280.000 0.912
233344.000 170.134 25088.000 18.292 8848.000 6.451 580.000 0.423 1024.000 0.747
361344.000 271.100 75264.000 56.467 0.000 0.000 0.000 0.000 3072.000 2.305
370432.000 277.658 75264.000 56.414 0.000 0.000 0.000 0.000 3072.000 2.303
209920.000 143.776 50176.000 34.366 0.000 0.000 0.000 0.000 2048.000 1.403
261600.000 180.550 0.000 0.000 9104.000 6.283 524.000 0.362 0.000 0.000
416288.000 278.772 25088.000 16.800 0.000 0.000 0.000 0.000 2048.000 1.371
392704.000 282.677 25088.000 18.059 0.000 0.000 0.000 0.000 2048.000 1.474
393856.000 288.085 25088.000 18.351 0.000 0.000 0.000 0.000 2048.000 1.498
403200.000 294.661 25088.000 18.334 0.000 0.000 0.000 0.000 2048.000 1.497
446592.000 325.073 0.000 0.000 0.000 0.000 0.000 0.000 1024.000 0.745
452608.000 331.683 25088.000 18.385 0.000 0.000 0.000 0.000 1024.000 0.750
392160.000 288.744 25088.000 18.472 0.000 0.000 0.000 0.000 2048.000 1.508
396960.000 290.462 25088.000 18.357 0.000 0.000 0.000 0.000 2048.000 1.499
146816.000 94.696 25088.000 16.182 0.000 0.000 0.000 0.000 2048.000 1.321
340096.000 239.109 0.000 0.000 9104.000 6.401 524.000 0.368 0.000 0.000
383232.000 278.793 25088.000 18.251 0.000 0.000 0.000 0.000 2048.000 1.490
396928.000 286.920 25088.000 18.135 0.000 0.000 0.000 0.000 2048.000 1.480
394976.000 289.241 25088.000 18.372 0.000 0.000 0.000 0.000 2048.000 1.500
414752.000 290.934 25088.000 17.598 0.000 0.000 0.000 0.000 2048.000 1.437
404992.000 292.959 25088.000 18.148 0.000 0.000 0.000 0.000 2048.000 1.481
442112.000 292.381 12544.000 8.296 0.000 0.000 0.000 0.000 2048.000 1.354
462848.000 335.928 12544.000 9.104 0.000 0.000 0.000 0.000 256.000 0.186
419968.000 307.682 25088.000 18.380 0.000 0.000 0.000 0.000 1792.000 1.313
42880.000 32.905 25088.000 19.252 0.000 0.000 0.000 0.000 2048.000 1.572
0.000 0.000 0.000 0.000 0.000 0.000 0.000 0.000 0.000 0.000
0.000 0.000 0.000 0.000 0.000 0.000 0.000 0.000 0.000 0.000
0.000 0.000 0.000 0.000 0.000 0.000 0.000 0.000 0.000 0.000
986416.000 141.324 25088.000 3.594 24576.000 3.521 128.000 0.018 4096.000 0.587
283520.000 207.569 0.000 0.000 1552.000 1.136 0.000 0.000 0.000 0.000
282544.000 209.114 0.000 0.000 0.000 0.000 0.000 0.000 0.000 0.000
1218848.000 199.016 50176.000 8.193 0.000 0.000 0.000 0.000 8192.000 1.338
287136.000 208.888 0.000 0.000 0.000 0.000 0.000 0.000 0.000 0.000
281584.000 209.704 0.000 0.000 0.000 0.000 0.000 0.000 0.000 0.000
141552.000 108.656 25088.000 19.258 0.000 0.000 0.000 0.000 4096.000 3.144
1698432.000 279.005 25088.000 4.121 2192.000 0.360 968.000 0.159 2048.000 0.336
493312.000 354.544 0.000 0.000 0.000 0.000 0.000 0.000 0.000 0.000
306816.000 226.750 25088.000 18.541 0.000 0.000 0.000 0.000 2048.000 1.514
0.000 0.000 0.000 0.000 0.000 0.000 0.000 0.000 0.000 0.000
0.000 0.000 9216.000 2.559 11360.000 3.154 36.000 0.010 200704.000 55.732
