198784.000 30.087 28672.000 4.340 7552.000 1.143 304.000 0.046 1024.000 0.155
292736.000 205.319 71680.000 50.275 0.000 0.000 0.000 0.000 3072.000 2.155
281600.000 213.842 71680.000 54.433 0.000 0.000 0.000 0.000 2048.000 1.555
87040.000 64.598 28672.000 21.280 0.000 0.000 0.000 0.000 1024.000 0.760
0.000 0.000 0.000 0.000 0.000 0.000 0.000 0.000 0.000 0.000
0.000 0.000 0.000 0.000 0.000 0.000 0.000 0.000 0.000 0.000
0.000 0.000 0.000 0.000 0.000 0.000 0.000 0.000 0.000 0.000
0.000 0.000 0.000 0.000 0.000 0.000 0.000 0.000 0.000 0.000
0.000 0.000 0.000 0.000 0.000 0.000 0.000 0.000 0.000 0.000
0.000 0.000 0.000 0.000 0.000 0.000 0.000 0.000 0.000 0.000
0.000 0.000 0.000 0.000 0.000 0.000 0.000 0.000 0.000 0.000
983040.000 142.577 215040.000 31.189 15072.000 2.186 608.000 0.088 8192.000 1.188
305664.000 222.322 71680.000 52.136 0.000 0.000 0.000 0.000 2048.000 1.490
308736.000 233.116 57344.000 43.298 0.000 0.000 0.000 0.000 2048.000 1.546
122880.000 95.115 57344.000 44.387 0.000 0.000 0.000 0.000 2048.000 1.585
1561728.000 262.672 275968.000 46.416 10384.000 1.747 296.000 0.050 5632.000 0.947
407360.000 299.809 75264.000 55.393 0.000 0.000 0.000 0.000 1536.000 1.130
160832.000 117.162 50176.000 36.552 0.000 0.000 0.000 0.000 1024.000 0.746
0.000 0.000 0.000 0.000 0.000 0.000 0.000 0.000 0.000 0.000
0.000 0.000 59584.000 8.024 5728.000 0.771 36.000 0.005 1000192.000 134.692
0.000 0.000 21952.000 15.237 0.000 0.000 0.000 0.000 354560.000 246.097
833840.000 141.563 43904.000 7.454 6944.000 1.179 128.000 0.022 254976.000 43.288
36560.000 25.944 25088.000 17.803 0.000 0.000 0.000 0.000 4096.000 2.907
0.000 0.000 0.000 0.000 0.000 0.000 0.000 0.000 0.000 0.000
0.000 0.000 0.000 0.000 0.000 0.000 0.000 0.000 0.000 0.000
0.000 0.000 0.000 0.000 0.000 0.000 0.000 0.000 0.000 0.000
1846912.000 307.034 50176.000 8.341 2832.000 0.471 968.000 0.161 4096.000 0.681
388736.000 273.480 25088.000 17.650 0.000 0.000 0.000 0.000 2048.000 1.441
262912.000 193.238 25088.000 18.439 0.000 0.000 0.000 0.000 2048.000 1.505
0.000 0.000 0.000 0.000 0.000 0.000 0.000 0.000 0.000 0.000
0.000 0.000 32768.000 6.191 12384.000 2.340 16.000 0.003 401408.000 75.843
