202752.000 30.950 0.000 0.000 14944.000 2.281 464.000 0.071 0.000 0.000
177408.000 129.472 28672.000 20.925 0.000 0.000 0.000 0.000 256.000 0.187
180352.000 137.348 28672.000 21.835 0.000 0.000 0.000 0.000 256.000 0.195
906496.000 143.198 114688.000 18.117 0.000 0.000 0.000 0.000 1024.000 0.162
188800.000 139.767 28672.000 21.226 0.000 0.000 0.000 0.000 256.000 0.190
187904.000 142.612 28672.000 21.761 0.000 0.000 0.000 0.000 256.000 0.194
176384.000 134.877 28672.000 21.925 0.000 0.000 0.000 0.000 256.000 0.196
925696.000 140.578 114688.000 17.417 0.000 0.000 0.000 0.000 1024.000 0.156
36096.000 24.886 28672.000 19.767 0.000 0.000 0.000 0.000 256.000 0.176
0.000 0.000 0.000 0.000 0.000 0.000 0.000 0.000 0.000 0.000
565504.000 88.344 57344.000 8.958 14928.000 2.332 464.000 0.072 512.000 0.080
192768.000 139.274 28672.000 20.715 0.000 0.000 0.000 0.000 256.000 0.185
176384.000 135.538 28672.000 22.032 0.000 0.000 0.000 0.000 256.000 0.197
176384.000 136.080 28672.000 22.120 0.000 0.000 0.000 0.000 256.000 0.198
949760.000 145.191 114688.000 17.532 0.000 0.000 0.000 0.000 1024.000 0.157
176384.000 134.396 28672.000 21.847 0.000 0.000 0.000 0.000 256.000 0.195
182144.000 140.425 28672.000 22.105 0.000 0.000 0.000 0.000 256.000 0.197
182400.000 134.561 28672.000 21.152 0.000 0.000 0.000 0.000 256.000 0.189
708736.000 106.696 86016.000 12.949 14928.000 2.247 464.000 0.070 768.000 0.116
171904.000 129.098 28672.000 21.532 0.000 0.000 0.000 0.000 256.000 0.192
186112.000 142.019 28672.000 21.879 0.000 0.000 0.000 0.000 256.000 0.195
926464.000 144.130 114688.000 17.842 0.000 0.000 0.000 0.000 1024.000 0.159
176384.000 134.139 28672.000 21.805 0.000 0.000 0.000 0.000 256.000 0.195
187648.000 143.471 28672.000 21.922 0.000 0.000 0.000 0.000 256.000 0.196
165120.000 128.438 14336.000 11.151 0.000 0.000 0.000 0.000 256.000 0.199
839680.000 130.008 129024.000 19.977 0.000 0.000 0.000 0.000 1024.000 0.159
0.000 0.000 0.000 0.000 0.000 0.000 0.000 0.000 0.000 0.000
0.000 0.000 0.000 0.000 0.000 0.000 0.000 0.000 0.000 0.000
0.000 0.000 0.000 0.000 0.000 0.000 0.000 0.000 0.000 0.000
681344.000 101.646 86016.000 12.832 14928.000 2.227 464.000 0.069 768.000 0.115
185472.000 138.379 28672.000 21.392 0.000 0.000 0.000 0.000 256.000 0.191
189952.000 144.350 0.000 0.000 0.000 0.000 0.000 0.000 128.000 0.097
906624.000 143.002 143360.000 22.612 0.000 0.000 0.000 0.000 1152.000 0.182
178816.000 135.591 14336.000 10.871 0.000 0.000 0.000 0.000 256.000 0.194
217088.000 165.375 14336.000 10.921 0.000 0.000 0.000 0.000 0.000 0.000
179968.000 139.630 28672.000 22.245 0.000 0.000 0.000 0.000 256.000 0.199
1054848.000 153.319 111104.000 16.149 9104.000 1.323 408.000 0.059 1792.000 0.260
464512.000 336.186 12544.000 9.079 0.000 0.000 0.000 0.000 512.000 0.371
369152.000 266.904 25088.000 18.139 0.000 0.000 0.000 0.000 1024.000 0.740
1356672.000 211.701 87808.000 13.702 4240.000 0.662 800.000 0.125 2048.000 0.320
192576.000 141.630 25088.000 18.451 0.000 0.000 0.000 0.000 256.000 0.188
11328.000 8.874 25088.000 19.654 0.000 0.000 0.000 0.000 256.000 0.201
0.000 0.000 0.000 0.000 0.000 0.000 0.000 0.000 0.000 0.000
1228800.000 202.654 150528.000 24.825 5088.000 0.839 2048.000 0.338 3072.000 0.507
0.000 0.000 0.000 0.000 0.000 0.000 0.000 0.000 0.000 0.000
0.000 0.000 0.000 0.000 0.000 0.000 0.000 0.000 0.000 0.000
0.000 0.000 0.000 0.000 0.000 0.000 0.000 0.000 0.000 0.000
1025664.000 164.304 75264.000 12.057 7712.000 1.235 2052.000 0.329 2560.000 0.410
235584.000 171.278 0.000 0.000 0.000 0.000 0.000 0.000 0.000 0.000
61760.000 47.277 25088.000 19.205 0.000 0.000 0.000 0.000 512.000 0.392
0.000 0.000 0.000 0.000 0.000 0.000 0.000 0.000 0.000 0.000
790528.000 133.451 25088.000 4.235 3792.000 0.640 1472.000 0.248 768.000 0.130
0.000 0.000 25088.000 19.209 0.000 0.000 0.000 0.000 256.000 0.196
0.000 0.000 0.000 0.000 0.000 0.000 0.000 0.000 0.000 0.000
1581056.000 82.856 100352.000 5.259 7584.000 0.397 2944.000 0.154 2048.000 0.107
0.000 0.000 0.000 0.000 0.000 0.000 0.000 0.000 0.000 0.000
0.000 0.000 0.000 0.000 0.000 0.000 0.000 0.000 0.000 0.000
112448.000 77.623 0.000 0.000 1856.000 1.281 2760.000 1.905 0.000 0.000
437056.000 310.239 0.000 0.000 0.000 0.000 0.000 0.000 0.000 0.000
456448.000 311.975 0.000 0.000 0.000 0.000 0.000 0.000 0.000 0.000
274048.000 193.287 25088.000 17.695 0.000 0.000 0.000 0.000 2048.000 1.444
0.000 0.000 8192.000 5.579 3168.000 2.158 16.000 0.011 100352.000 68.348
