31360.000 2.944 0.000 0.000 12704.000 1.193 5616.000 0.527 0.000 0.000
377728.000 245.404 0.000 0.000 0.000 0.000 0.000 0.000 0.000 0.000
342912.000 247.286 0.000 0.000 0.000 0.000 0.000 0.000 0.000 0.000
277632.000 203.577 28672.000 21.024 0.000 0.000 0.000 0.000 1024.000 0.751
350880.000 254.488 0.000 0.000 0.000 0.000 0.000 0.000 0.000 0.000
290304.000 209.569 19008.000 13.722 0.000 0.000 0.000 0.000 1024.000 0.739
352480.000 256.025 9664.000 7.019 0.000 0.000 0.000 0.000 0.000 0.000
359760.000 258.958 0.000 0.000 0.000 0.000 0.000 0.000 0.000 0.000
1564272.000 241.892 57344.000 8.867 0.000 0.000 0.000 0.000 2048.000 0.317
302272.000 208.380 28672.000 19.766 0.000 0.000 0.000 0.000 1024.000 0.706
356864.000 257.988 0.000 0.000 0.000 0.000 0.000 0.000 0.000 0.000
1299840.000 170.171 69888.000 9.150 2912.000 0.381 36.000 0.005 95616.000 12.518
0.000 0.000 50176.000 35.607 0.000 0.000 0.000 0.000 207488.000 147.240
0.000 0.000 59112.000 43.157 0.000 0.000 0.000 0.000 200704.000 146.531
0.000 0.000 53776.000 36.496 0.000 0.000 0.000 0.000 250880.000 170.266
0.000 0.000 25088.000 18.022 0.000 0.000 0.000 0.000 50176.000 36.044
0.000 0.000 0.000 0.000 0.000 0.000 0.000 0.000 0.000 0.000
0.000 0.000 0.000 0.000 0.000 0.000 0.000 0.000 0.000 0.000
0.000 0.000 0.000 0.000 0.000 0.000 0.000 0.000 0.000 0.000
0.000 0.000 0.000 0.000 0.000 0.000 0.000 0.000 0.000 0.000
0.000 0.000 0.000 0.000 0.000 0.000 0.000 0.000 0.000 0.000
0.000 0.000 0.000 0.000 0.000 0.000 0.000 0.000 0.000 0.000
1415744.000 208.899 100352.000 14.807 10880.000 1.605 2888.000 0.426 4096.000 0.604
444864.000 309.114 0.000 0.000 0.000 0.000 0.000 0.000 0.000 0.000
444800.000 313.015 0.000 0.000 0.000 0.000 0.000 0.000 0.000 0.000
1860224.000 295.136 50176.000 7.961 1552.000 0.246 972.000 0.154 8192.000 1.300
0.000 0.000 25088.000 18.045 0.000 0.000 0.000 0.000 2048.000 1.473
0.000 0.000 0.000 0.000 0.000 0.000 0.000 0.000 0.000 0.000
0.000 0.000 0.000 0.000 0.000 0.000 0.000 0.000 0.000 0.000
1742064.000 277.254 0.000 0.000 13072.000 2.080 2764.000 0.440 0.000 0.000
447168.000 315.924 0.000 0.000 0.000 0.000 0.000 0.000 0.000 0.000
446128.000 317.161 0.000 0.000 0.000 0.000 0.000 0.000 0.000 0.000
2217136.000 322.397 25088.000 3.648 0.000 0.000 0.000 0.000 4096.000 0.596
455616.000 315.153 0.000 0.000 0.000 0.000 0.000 0.000 0.000 0.000
451776.000 317.336 0.000 0.000 0.000 0.000 0.000 0.000 0.000 0.000
452368.000 316.833 0.000 0.000 0.000 0.000 0.000 0.000 0.000 0.000
2100912.000 331.340 0.000 0.000 0.000 0.000 0.000 0.000 0.000 0.000
451648.000 316.375 0.000 0.000 0.000 0.000 0.000 0.000 0.000 0.000
2122352.000 140.224 91648.000 6.055 12784.000 0.845 1004.000 0.066 208896.000 13.802
