185472.000 20.796 25088.000 2.813 2720.000 0.305 744.000 0.083 512.000 0.057
351104.000 252.524 25088.000 18.044 0.000 0.000 0.000 0.000 768.000 0.552
181248.000 123.678 50176.000 34.239 0.000 0.000 0.000 0.000 768.000 0.524
0.000 0.000 0.000 0.000 0.000 0.000 0.000 0.000 0.000 0.000
0.000 0.000 0.000 0.000 0.000 0.000 0.000 0.000 0.000 0.000
0.000 0.000 0.000 0.000 0.000 0.000 0.000 0.000 0.000 0.000
0.000 0.000 0.000 0.000 0.000 0.000 0.000 0.000 0.000 0.000
0.000 0.000 0.000 0.000 0.000 0.000 0.000 0.000 0.000 0.000
0.000 0.000 0.000 0.000 0.000 0.000 0.000 0.000 0.000 0.000
1316096.000 217.703 301056.000 49.799 10896.000 1.802 352.000 0.058 3072.000 0.508
420608.000 312.525 87808.000 65.244 0.000 0.000 0.000 0.000 1024.000 0.761
0.000 0.000 12544.000 9.924 0.000 0.000 0.000 0.000 0.000 0.000
0.000 0.000 0.000 0.000 0.000 0.000 0.000 0.000 0.000 0.000
0.000 0.000 0.000 0.000 0.000 0.000 0.000 0.000 0.000 0.000
1064960.000 151.419 175616.000 24.970 5872.000 0.835 332.000 0.047 323328.000 45.972
0.000 0.000 25088.000 18.816 0.000 0.000 0.000 0.000 80128.000 60.095
0.000 0.000 0.000 0.000 0.000 0.000 0.000 0.000 0.000 0.000
724992.000 117.717 75264.000 12.221 6496.000 1.055 800.000 0.130 896.000 0.145
181248.000 137.424 25088.000 19.022 0.000 0.000 0.000 0.000 256.000 0.194
181248.000 140.288 25088.000 19.418 0.000 0.000 0.000 0.000 128.000 0.099
0.000 0.000 25088.000 19.858 0.000 0.000 0.000 0.000 256.000 0.203
989648.000 142.386 47040.000 6.768 4288.000 0.617 3188.000 0.459 603648.000 86.850
99760.000 73.716 18816.000 13.904 0.000 0.000 0.000 0.000 1536.000 1.135
0.000 0.000 0.000 0.000 0.000 0.000 0.000 0.000 0.000 0.000
1364736.000 221.890 18816.000 3.059 6976.000 1.134 2124.000 0.345 75264.000 12.237
0.000 0.000 18816.000 14.200 0.000 0.000 0.000 0.000 1536.000 1.159
0.000 0.000 0.000 0.000 0.000 0.000 0.000 0.000 0.000 0.000
0.000 0.000 0.000 0.000 0.000 0.000 0.000 0.000 0.000 0.000
1364736.000 234.212 18816.000 3.229 2656.000 0.456 2088.000 0.358 1536.000 0.264
0.000 0.000 0.000 0.000 0.000 0.000 0.000 0.000 0.000 0.000
0.000 0.000 0.000 0.000 0.000 0.000 0.000 0.000 0.000 0.000
0.000 0.000 0.000 0.000 0.000 0.000 0.000 0.000 0.000 0.000
1364736.000 240.643 18816.000 3.318 2656.000 0.468 2088.000 0.368 1536.000 0.271
0.000 0.000 0.000 0.000 0.000 0.000 0.000 0.000 0.000 0.000
0.000 0.000 0.000 0.000 0.000 0.000 0.000 0.000 0.000 0.000
0.000 0.000 0.000 0.000 0.000 0.000 0.000 0.000 0.000 0.000
0.000 0.000 0.000 0.000 0.000 0.000 0.000 0.000 0.000 0.000
0.000 0.000 3456.000 2.270 4320.000 2.838 36.000 0.024 75264.000 49.436
