189888.000 160.073 0.000 0.000 19712.000 16.617 800.000 0.674 0.000 0.000
183552.000 129.921 25088.000 17.758 1024.000 0.725 0.000 0.000 512.000 0.362
213312.000 163.639 0.000 0.000 1024.000 0.786 0.000 0.000 0.000 0.000
165824.000 128.282 25088.000 19.408 768.000 0.594 0.000 0.000 512.000 0.396
225664.000 159.758 0.000 0.000 1280.000 0.906 0.000 0.000 0.000 0.000
177216.000 131.270 25088.000 18.584 1024.000 0.759 0.000 0.000 512.000 0.379
209984.000 160.964 0.000 0.000 1024.000 0.785 0.000 0.000 0.000 0.000
167552.000 129.719 25088.000 19.423 1024.000 0.793 0.000 0.000 512.000 0.396
209216.000 161.845 0.000 0.000 1024.000 0.792 0.000 0.000 0.000 0.000
176384.000 130.211 25088.000 18.521 1024.000 0.756 0.000 0.000 512.000 0.378
211072.000 161.972 0.000 0.000 768.000 0.589 0.000 0.000 0.000 0.000
166464.000 129.235 25088.000 19.477 672.000 0.522 0.000 0.000 512.000 0.397
221312.000 158.569 0.000 0.000 0.000 0.000 0.000 0.000 0.000 0.000
168448.000 130.053 25088.000 19.370 0.000 0.000 0.000 0.000 512.000 0.395
214080.000 163.757 0.000 0.000 0.000 0.000 0.000 0.000 0.000 0.000
165568.000 128.401 25088.000 19.456 0.000 0.000 0.000 0.000 512.000 0.397
196928.000 151.999 0.000 0.000 0.000 0.000 0.000 0.000 0.000 0.000
192576.000 140.713 25088.000 18.332 0.000 0.000 0.000 0.000 512.000 0.374
169920.000 130.458 12544.000 9.631 0.000 0.000 0.000 0.000 512.000 0.393
203904.000 157.173 12544.000 9.669 0.000 0.000 0.000 0.000 0.000 0.000
192576.000 133.970 25088.000 17.453 0.000 0.000 0.000 0.000 512.000 0.356
209280.000 160.497 0.000 0.000 0.000 0.000 0.000 0.000 0.000 0.000
168128.000 129.555 25088.000 19.332 0.000 0.000 0.000 0.000 512.000 0.395
211648.000 162.272 0.000 0.000 0.000 0.000 0.000 0.000 0.000 0.000
169920.000 131.097 25088.000 19.356 0.000 0.000 0.000 0.000 512.000 0.395
203904.000 156.860 0.000 0.000 0.000 0.000 0.000 0.000 0.000 0.000
181248.000 131.978 25088.000 18.268 0.000 0.000 0.000 0.000 512.000 0.373
226560.000 162.749 0.000 0.000 0.000 0.000 0.000 0.000 0.000 0.000
167616.000 129.701 25088.000 19.413 0.000 0.000 0.000 0.000 512.000 0.396
206208.000 157.178 0.000 0.000 0.000 0.000 0.000 0.000 0.000 0.000
33984.000 23.648 25088.000 17.458 0.000 0.000 0.000 0.000 512.000 0.356
82560.000 54.547 0.000 0.000 13712.000 9.059 1420.000 0.938 0.000 0.000
426496.000 308.708 0.000 0.000 0.000 0.000 0.000 0.000 0.000 0.000
428992.000 314.956 0.000 0.000 0.000 0.000 0.000 0.000 0.000 0.000
444096.000 309.231 0.000 0.000 0.000 0.000 0.000 0.000 0.000 0.000
353344.000 259.743 25088.000 18.442 0.000 0.000 0.000 0.000 2048.000 1.505
444352.000 315.988 0.000 0.000 0.000 0.000 0.000 0.000 0.000 0.000
433408.000 318.182 0.000 0.000 0.000 0.000 0.000 0.000 0.000 0.000
435776.000 318.993 0.000 0.000 0.000 0.000 0.000 0.000 0.000 0.000
352064.000 260.229 25088.000 18.544 0.000 0.000 0.000 0.000 2048.000 1.514
437824.000 320.877 0.000 0.000 0.000 0.000 0.000 0.000 0.000 0.000
430784.000 315.556 0.000 0.000 0.000 0.000 0.000 0.000 0.000 0.000
456384.000 314.943 0.000 0.000 0.000 0.000 0.000 0.000 0.000 0.000
352448.000 261.380 25088.000 18.606 0.000 0.000 0.000 0.000 2048.000 1.519
430464.000 317.897 0.000 0.000 0.000 0.000 0.000 0.000 0.000 0.000
434752.000 320.012 0.000 0.000 0.000 0.000 0.000 0.000 0.000 0.000
436032.000 320.652 0.000 0.000 0.000 0.000 0.000 0.000 0.000 0.000
177184.000 116.418 25088.000 16.484 4624.000 3.038 524.000 0.344 2048.000 1.346
318592.000 232.964 50176.000 36.690 0.000 0.000 0.000 0.000 4096.000 2.995
431712.000 299.057 25088.000 17.379 0.000 0.000 0.000 0.000 2560.000 1.773
174464.000 124.193 25088.000 17.859 9104.000 6.481 580.000 0.413 1536.000 1.093
416640.000 310.731 50176.000 37.421 0.000 0.000 0.000 0.000 2048.000 1.527
473856.000 353.376 29512.000 22.008 0.000 0.000 0.000 0.000 1792.000 1.336
489216.000 365.520 45744.000 34.178 0.000 0.000 0.000 0.000 1280.000 0.956
424576.000 315.276 50176.000 37.259 0.000 0.000 0.000 0.000 2048.000 1.521
151168.000 103.706 25088.000 17.211 0.000 0.000 0.000 0.000 1024.000 0.702
532480.000 346.863 0.000 0.000 3856.000 2.512 580.000 0.378 0.000 0.000
527872.000 384.279 25088.000 18.263 0.000 0.000 0.000 0.000 1024.000 0.745
231552.000 164.163 25088.000 17.787 1856.000 1.316 2760.000 1.957 1024.000 0.726
475264.000 308.343 0.000 0.000 0.000 0.000 0.000 0.000 0.000 0.000
442432.000 314.288 0.000 0.000 0.000 0.000 0.000 0.000 0.000 0.000
135360.000 93.298 27136.000 18.704 3168.000 2.184 16.000 0.011 27712.000 19.101
0.000 0.000 6144.000 4.341 0.000 0.000 0.000 0.000 74688.000 52.767
