109312.000 15.452 25088.000 3.546 8864.000 1.253 360.000 0.051 256.000 0.036
153728.000 111.579 62720.000 45.523 0.000 0.000 0.000 0.000 768.000 0.557
190928.000 144.051 62720.000 47.321 0.000 0.000 0.000 0.000 512.000 0.386
148544.000 105.994 69880.000 49.863 0.000 0.000 0.000 0.000 768.000 0.548
201200.000 149.356 55552.000 41.238 0.000 0.000 0.000 0.000 512.000 0.380
132432.000 100.019 68096.000 51.429 0.000 0.000 0.000 0.000 768.000 0.580
130608.000 98.425 57344.000 43.214 0.000 0.000 0.000 0.000 512.000 0.386
0.000 0.000 0.000 0.000 0.000 0.000 0.000 0.000 0.000 0.000
0.000 0.000 0.000 0.000 0.000 0.000 0.000 0.000 0.000 0.000
0.000 0.000 0.000 0.000 0.000 0.000 0.000 0.000 0.000 0.000
533376.000 82.198 188160.000 28.997 8848.000 1.364 364.000 0.056 2048.000 0.316
202752.000 140.378 62720.000 43.425 0.000 0.000 0.000 0.000 512.000 0.354
149728.000 112.395 75264.000 56.498 0.000 0.000 0.000 0.000 768.000 0.577
180896.000 138.148 50176.000 38.319 0.000 0.000 0.000 0.000 512.000 0.391
732768.000 109.953 275968.000 41.409 7312.000 1.097 360.000 0.054 1536.000 0.230
181824.000 134.790 75264.000 55.795 0.000 0.000 0.000 0.000 384.000 0.285
152160.000 116.763 75264.000 57.755 0.000 0.000 0.000 0.000 384.000 0.295
0.000 0.000 35840.000 5.462 16640.000 2.536 36.000 0.005 435840.000 66.425
0.000 0.000 39424.000 25.717 3840.000 2.505 0.000 0.000 461568.000 301.092
0.000 0.000 35840.000 26.272 3584.000 2.627 0.000 0.000 448128.000 328.499
0.000 0.000 37632.000 27.827 3840.000 2.840 0.000 0.000 435072.000 321.716
0.000 0.000 179200.000 27.798 11616.000 1.802 0.000 0.000 2154624.000 334.230
0.000 0.000 37632.000 27.765 0.000 0.000 0.000 0.000 450432.000 332.326
0.000 0.000 35840.000 26.666 0.000 0.000 0.000 0.000 402560.000 299.522
0.000 0.000 0.000 0.000 0.000 0.000 0.000 0.000 0.000 0.000
742144.000 108.350 181888.000 26.555 5936.000 0.867 496.000 0.072 6912.000 1.009
0.000 0.000 0.000 0.000 0.000 0.000 0.000 0.000 0.000 0.000
0.000 0.000 0.000 0.000 0.000 0.000 0.000 0.000 0.000 0.000
586240.000 100.594 62720.000 10.762 2640.000 0.453 1808.000 0.310 1280.000 0.220
0.000 0.000 0.000 0.000 0.000 0.000 0.000 0.000 0.000 0.000
0.000 0.000 0.000 0.000 0.000 0.000 0.000 0.000 0.000 0.000
0.000 0.000 0.000 0.000 0.000 0.000 0.000 0.000 0.000 0.000
0.000 0.000 62720.000 13.097 3616.000 0.755 36.000 0.008 250880.000 52.388
