86784.000 71.865 0.000 0.000 21504.000 17.807 240.000 0.199 0.000 0.000
200192.000 143.995 28672.000 20.623 1024.000 0.737 0.000 0.000 512.000 0.368
177536.000 132.833 24168.000 18.083 768.000 0.575 0.000 0.000 512.000 0.383
1567104.000 156.951 176528.000 17.680 7168.000 0.718 0.000 0.000 3072.000 0.308
216704.000 152.871 28672.000 20.226 1024.000 0.722 0.000 0.000 512.000 0.361
208768.000 155.925 28672.000 21.415 1024.000 0.765 0.000 0.000 512.000 0.382
219648.000 150.548 28672.000 19.652 1024.000 0.702 0.000 0.000 512.000 0.351
215040.000 163.614 0.000 0.000 768.000 0.584 0.000 0.000 256.000 0.195
240384.000 179.940 28672.000 21.463 1024.000 0.767 0.000 0.000 256.000 0.192
205056.000 152.940 28672.000 21.385 1024.000 0.764 0.000 0.000 512.000 0.382
199680.000 151.285 28672.000 21.723 1024.000 0.776 0.000 0.000 512.000 0.388
199680.000 152.624 28672.000 21.915 768.000 0.587 0.000 0.000 512.000 0.391
194688.000 149.121 28672.000 21.961 1024.000 0.784 0.000 0.000 512.000 0.392
217728.000 154.780 28672.000 20.383 1024.000 0.728 0.000 0.000 512.000 0.364
217344.000 162.839 0.000 0.000 768.000 0.575 0.000 0.000 256.000 0.192
230400.000 175.575 28672.000 21.849 1024.000 0.780 0.000 0.000 256.000 0.195
199680.000 152.770 28672.000 21.936 1024.000 0.783 0.000 0.000 512.000 0.392
212736.000 153.868 28672.000 20.738 1024.000 0.741 0.000 0.000 512.000 0.370
201600.000 152.108 28672.000 21.633 1024.000 0.773 0.000 0.000 512.000 0.386
200064.000 152.694 28672.000 21.883 768.000 0.586 0.000 0.000 512.000 0.391
184320.000 140.877 14336.000 10.957 1024.000 0.783 0.000 0.000 512.000 0.391
245760.000 170.460 14336.000 9.943 768.000 0.533 0.000 0.000 256.000 0.178
234112.000 175.251 28672.000 21.463 1024.000 0.767 0.000 0.000 256.000 0.192
198528.000 150.298 28672.000 21.706 1024.000 0.775 0.000 0.000 512.000 0.388
197120.000 150.869 28672.000 21.945 1024.000 0.784 0.000 0.000 512.000 0.392
199680.000 154.551 28672.000 22.192 1024.000 0.793 0.000 0.000 512.000 0.396
212352.000 153.752 28672.000 20.760 1024.000 0.741 0.000 0.000 512.000 0.371
186880.000 141.721 14336.000 10.872 768.000 0.582 0.000 0.000 512.000 0.388
274176.000 166.614 43008.000 26.135 1280.000 0.778 0.000 0.000 512.000 0.311
217344.000 163.301 0.000 0.000 768.000 0.577 0.000 0.000 256.000 0.192
230400.000 175.388 28672.000 21.826 1024.000 0.780 0.000 0.000 256.000 0.195
199680.000 151.418 28672.000 21.742 1024.000 0.777 0.000 0.000 512.000 0.388
199680.000 151.379 28672.000 21.737 1024.000 0.776 0.000 0.000 512.000 0.388
199680.000 152.742 28672.000 21.932 768.000 0.587 0.000 0.000 512.000 0.392
199680.000 152.838 28672.000 21.946 1024.000 0.784 0.000 0.000 512.000 0.392
202880.000 143.236 28360.000 20.023 1024.000 0.723 0.000 0.000 512.000 0.361
242560.000 170.215 304.000 0.213 768.000 0.539 0.000 0.000 256.000 0.180
243456.000 182.025 28672.000 21.437 656.000 0.490 0.000 0.000 256.000 0.191
197760.000 150.125 28672.000 21.766 0.000 0.000 0.000 0.000 512.000 0.389
194048.000 149.097 28672.000 22.030 0.000 0.000 0.000 0.000 512.000 0.393
196352.000 148.830 28672.000 21.733 0.000 0.000 0.000 0.000 512.000 0.388
204160.000 153.573 28672.000 21.568 0.000 0.000 0.000 0.000 512.000 0.385
193024.000 146.183 14336.000 10.857 0.000 0.000 0.000 0.000 512.000 0.388
245760.000 173.831 14336.000 10.140 0.000 0.000 0.000 0.000 256.000 0.181
230400.000 175.655 28672.000 21.859 0.000 0.000 0.000 0.000 256.000 0.195
199680.000 150.731 28672.000 21.643 0.000 0.000 0.000 0.000 512.000 0.386
199680.000 150.122 28672.000 21.556 0.000 0.000 0.000 0.000 512.000 0.385
211584.000 155.430 28672.000 21.063 0.000 0.000 0.000 0.000 512.000 0.376
198144.000 150.981 28672.000 21.847 0.000 0.000 0.000 0.000 512.000 0.390
189312.000 143.345 14336.000 10.855 0.000 0.000 0.000 0.000 512.000 0.388
245760.000 174.056 14336.000 10.153 0.000 0.000 0.000 0.000 256.000 0.181
230400.000 173.247 28672.000 21.560 0.000 0.000 0.000 0.000 256.000 0.192
199680.000 152.713 28672.000 21.928 0.000 0.000 0.000 0.000 512.000 0.392
199680.000 152.714 28672.000 21.928 0.000 0.000 0.000 0.000 512.000 0.392
194304.000 148.841 28672.000 21.963 0.000 0.000 0.000 0.000 512.000 0.392
187136.000 142.258 28672.000 21.796 0.000 0.000 0.000 0.000 512.000 0.389
188928.000 143.818 14336.000 10.913 0.000 0.000 0.000 0.000 512.000 0.390
231424.000 177.404 14336.000 10.990 0.000 0.000 0.000 0.000 0.000 0.000
194816.000 141.742 28672.000 20.861 0.000 0.000 0.000 0.000 512.000 0.373
36608.000 22.759 28672.000 17.826 0.000 0.000 0.000 0.000 512.000 0.318
0.000 0.000 0.000 0.000 0.000 0.000 0.000 0.000 0.000 0.000
0.000 0.000 0.000 0.000 0.000 0.000 0.000 0.000 0.000 0.000
0.000 0.000 0.000 0.000 0.000 0.000 0.000 0.000 0.000 0.000
0.000 0.000 0.000 0.000 0.000 0.000 0.000 0.000 0.000 0.000
86784.000 58.666 0.000 0.000 21504.000 14.537 240.000 0.162 0.000 0.000
187136.000 137.959 28672.000 21.137 768.000 0.566 0.000 0.000 512.000 0.377
188928.000 141.275 14336.000 10.720 1024.000 0.766 0.000 0.000 512.000 0.383
231424.000 175.350 14336.000 10.862 768.000 0.582 0.000 0.000 0.000 0.000
200192.000 153.842 28672.000 22.034 1024.000 0.787 0.000 0.000 512.000 0.393
194176.000 145.988 28672.000 21.557 1024.000 0.770 0.000 0.000 512.000 0.385
205696.000 154.984 28672.000 21.603 1024.000 0.772 0.000 0.000 512.000 0.386
199680.000 151.133 28672.000 21.701 1024.000 0.775 0.000 0.000 512.000 0.388
212864.000 152.971 28672.000 20.605 1024.000 0.736 0.000 0.000 512.000 0.368
209152.000 146.006 28672.000 20.015 1024.000 0.715 0.000 0.000 512.000 0.357
238336.000 176.348 0.000 0.000 768.000 0.568 0.000 0.000 256.000 0.189
230400.000 174.113 28672.000 21.667 1024.000 0.774 0.000 0.000 256.000 0.193
199680.000 151.431 28672.000 21.744 768.000 0.582 0.000 0.000 512.000 0.388
199680.000 152.317 28672.000 21.871 1024.000 0.781 0.000 0.000 512.000 0.391
194816.000 147.797 28672.000 21.752 1024.000 0.777 0.000 0.000 512.000 0.388
219904.000 156.110 28672.000 20.354 1024.000 0.727 0.000 0.000 512.000 0.363
184320.000 139.212 18928.000 14.296 1024.000 0.773 0.000 0.000 512.000 0.387
245760.000 186.156 9736.000 7.375 768.000 0.582 0.000 0.000 0.000 0.000
215040.000 163.967 28672.000 21.862 1024.000 0.781 0.000 0.000 512.000 0.390
199680.000 151.618 28672.000 21.771 1024.000 0.778 0.000 0.000 512.000 0.389
199680.000 151.594 28672.000 21.767 768.000 0.583 0.000 0.000 512.000 0.389
199680.000 152.056 28672.000 21.834 1024.000 0.780 0.000 0.000 512.000 0.390
199680.000 151.470 28672.000 21.750 1024.000 0.777 0.000 0.000 512.000 0.388
215040.000 155.723 14336.000 10.382 1024.000 0.742 0.000 0.000 512.000 0.371
245760.000 184.072 14336.000 10.738 768.000 0.575 0.000 0.000 0.000 0.000
215040.000 153.792 28672.000 20.506 1024.000 0.732 0.000 0.000 512.000 0.366
199680.000 151.471 28672.000 21.750 1024.000 0.777 0.000 0.000 512.000 0.388
199680.000 152.600 28672.000 21.912 1024.000 0.783 0.000 0.000 512.000 0.391
199680.000 150.414 28672.000 21.598 768.000 0.579 0.000 0.000 512.000 0.386
199680.000 150.125 28672.000 21.556 1024.000 0.770 0.000 0.000 512.000 0.385
215040.000 151.204 14336.000 10.080 1024.000 0.720 0.000 0.000 512.000 0.360
245760.000 183.908 14336.000 10.728 768.000 0.575 0.000 0.000 0.000 0.000
215040.000 163.153 28672.000 21.754 1024.000 0.777 0.000 0.000 512.000 0.388
199680.000 151.103 28672.000 21.697 1024.000 0.775 0.000 0.000 512.000 0.387
199680.000 149.927 28672.000 21.528 1024.000 0.769 0.000 0.000 512.000 0.384
199680.000 151.940 28672.000 21.817 1024.000 0.779 0.000 0.000 512.000 0.390
199680.000 152.451 28672.000 21.890 768.000 0.586 0.000 0.000 512.000 0.391
215040.000 163.697 0.000 0.000 768.000 0.585 0.000 0.000 256.000 0.195
245760.000 175.395 28672.000 20.463 1024.000 0.731 0.000 0.000 256.000 0.183
199680.000 150.344 28672.000 21.588 1024.000 0.771 0.000 0.000 512.000 0.385
199680.000 151.969 28672.000 21.821 1024.000 0.779 0.000 0.000 512.000 0.390
199680.000 152.187 28672.000 21.852 1024.000 0.780 0.000 0.000 512.000 0.390
199680.000 152.521 28672.000 21.900 1024.000 0.782 0.000 0.000 512.000 0.391
230400.000 156.446 28672.000 19.469 1024.000 0.695 0.000 0.000 512.000 0.348
199680.000 150.559 14336.000 10.809 144.000 0.109 0.000 0.000 512.000 0.386
245760.000 174.789 14336.000 10.196 0.000 0.000 0.000 0.000 0.000 0.000
220416.000 165.278 28672.000 21.500 0.000 0.000 0.000 0.000 512.000 0.384
202368.000 151.793 28672.000 21.506 0.000 0.000 0.000 0.000 512.000 0.384
206976.000 154.773 28672.000 21.440 0.000 0.000 0.000 0.000 512.000 0.383
199680.000 150.779 28672.000 21.650 0.000 0.000 0.000 0.000 512.000 0.387
199680.000 151.466 28672.000 21.749 0.000 0.000 0.000 0.000 512.000 0.388
199680.000 152.404 14336.000 10.942 0.000 0.000 0.000 0.000 512.000 0.391
245760.000 177.445 14336.000 10.351 0.000 0.000 0.000 0.000 0.000 0.000
215040.000 160.236 28672.000 21.365 0.000 0.000 0.000 0.000 512.000 0.382
199680.000 151.248 28672.000 21.718 0.000 0.000 0.000 0.000 512.000 0.388
199680.000 152.076 28672.000 21.837 0.000 0.000 0.000 0.000 512.000 0.390
199680.000 152.269 28672.000 21.864 0.000 0.000 0.000 0.000 512.000 0.390
199680.000 149.877 28672.000 21.521 0.000 0.000 0.000 0.000 512.000 0.384
215040.000 162.307 0.000 0.000 0.000 0.000 0.000 0.000 256.000 0.193
243072.000 185.062 28672.000 21.829 0.000 0.000 0.000 0.000 256.000 0.195
217728.000 151.091 28672.000 19.897 0.000 0.000 0.000 0.000 512.000 0.355
190720.000 143.580 28672.000 21.585 0.000 0.000 0.000 0.000 512.000 0.385
192256.000 143.836 28672.000 21.451 0.000 0.000 0.000 0.000 512.000 0.383
226304.000 150.771 28672.000 19.102 0.000 0.000 0.000 0.000 512.000 0.341
188928.000 142.469 28672.000 21.621 0.000 0.000 0.000 0.000 512.000 0.386
158208.000 120.614 28672.000 21.859 0.000 0.000 0.000 0.000 512.000 0.390
0.000 0.000 0.000 0.000 0.000 0.000 0.000 0.000 0.000 0.000
0.000 0.000 0.000 0.000 0.000 0.000 0.000 0.000 0.000 0.000
0.000 0.000 0.000 0.000 0.000 0.000 0.000 0.000 0.000 0.000
0.000 0.000 0.000 0.000 0.000 0.000 0.000 0.000 0.000 0.000
0.000 0.000 0.000 0.000 0.000 0.000 0.000 0.000 0.000 0.000
178944.000 127.212 0.000 0.000 21760.000 15.469 240.000 0.171 0.000 0.000
197120.000 145.468 28672.000 21.159 1024.000 0.756 0.000 0.000 512.000 0.378
190080.000 141.093 28672.000 21.283 1024.000 0.760 0.000 0.000 512.000 0.380
208640.000 147.816 28672.000 20.313 1024.000 0.725 0.000 0.000 512.000 0.363
189056.000 141.961 28672.000 21.530 768.000 0.577 0.000 0.000 512.000 0.384
207488.000 153.218 14336.000 10.586 1024.000 0.756 0.000 0.000 512.000 0.378
245760.000 183.639 14336.000 10.712 768.000 0.574 0.000 0.000 0.000 0.000
215040.000 161.972 28672.000 21.596 1024.000 0.771 0.000 0.000 512.000 0.386
193792.000 147.730 28672.000 21.857 1024.000 0.781 0.000 0.000 512.000 0.390
197376.000 149.644 28672.000 21.738 1024.000 0.776 0.000 0.000 512.000 0.388
223232.000 152.993 28672.000 19.650 1024.000 0.702 0.000 0.000 512.000 0.351
203520.000 152.465 28672.000 21.479 1024.000 0.767 0.000 0.000 512.000 0.384
195840.000 148.600 14336.000 10.878 1024.000 0.777 0.000 0.000 512.000 0.388
245760.000 185.309 14336.000 10.810 512.000 0.386 0.000 0.000 0.000 0.000
241920.000 163.584 28672.000 19.388 1280.000 0.866 0.000 0.000 512.000 0.346
203520.000 151.915 28672.000 21.402 1024.000 0.764 0.000 0.000 512.000 0.382
199680.000 151.367 28672.000 21.735 1024.000 0.776 0.000 0.000 512.000 0.388
1152000.000 156.309 143360.000 19.452 5376.000 0.729 0.000 0.000 2560.000 0.347
207360.000 148.794 28672.000 20.574 768.000 0.551 0.000 0.000 512.000 0.367
207360.000 152.567 14336.000 10.548 1024.000 0.753 0.000 0.000 512.000 0.377
890880.000 162.897 100352.000 18.349 3840.000 0.702 0.000 0.000 1536.000 0.281
210432.000 152.561 28672.000 20.787 1024.000 0.742 0.000 0.000 512.000 0.371
202880.000 152.611 28672.000 21.568 1024.000 0.770 0.000 0.000 512.000 0.385
201088.000 151.490 28672.000 21.600 1024.000 0.771 0.000 0.000 512.000 0.386
215040.000 162.834 0.000 0.000 768.000 0.582 0.000 0.000 256.000 0.194
1198080.000 160.349 143360.000 19.187 5376.000 0.720 0.000 0.000 2304.000 0.308
205568.000 152.055 28672.000 21.208 1024.000 0.757 0.000 0.000 512.000 0.379
205056.000 153.909 28672.000 21.520 1024.000 0.769 0.000 0.000 512.000 0.384
848896.000 154.367 93096.000 16.929 3216.000 0.585 0.000 0.000 1920.000 0.349
245760.000 183.049 21584.000 16.076 0.000 0.000 0.000 0.000 128.000 0.095
199680.000 151.167 28672.000 21.706 0.000 0.000 0.000 0.000 512.000 0.388
199680.000 150.656 28672.000 21.633 0.000 0.000 0.000 0.000 512.000 0.386
1167360.000 156.092 143360.000 19.169 0.000 0.000 0.000 0.000 2560.000 0.342
208640.000 155.418 28672.000 21.358 0.000 0.000 0.000 0.000 512.000 0.381
190720.000 143.908 14336.000 10.817 0.000 0.000 0.000 0.000 512.000 0.386
903168.000 164.506 100352.000 18.278 0.000 0.000 0.000 0.000 1536.000 0.280
202752.000 151.376 28672.000 21.407 0.000 0.000 0.000 0.000 512.000 0.382
196096.000 147.911 28672.000 21.627 0.000 0.000 0.000 0.000 512.000 0.386
187136.000 140.830 28672.000 21.577 0.000 0.000 0.000 0.000 512.000 0.385
823552.000 73.789 86016.000 7.707 20224.000 1.812 240.000 0.022 1536.000 0.138
217856.000 155.533 28672.000 20.470 1024.000 0.731 0.000 0.000 256.000 0.183
202496.000 151.285 28672.000 21.421 768.000 0.574 0.000 0.000 256.000 0.191
202496.000 152.821 28672.000 21.638 1024.000 0.773 0.000 0.000 256.000 0.193
206080.000 154.425 28672.000 21.485 1024.000 0.767 0.000 0.000 256.000 0.192
215040.000 160.605 28672.000 21.414 768.000 0.574 0.000 0.000 256.000 0.191
215040.000 161.463 14336.000 10.764 1024.000 0.769 0.000 0.000 256.000 0.192
245760.000 185.339 14336.000 10.811 1024.000 0.772 0.000 0.000 0.000 0.000
1490176.000 163.017 200704.000 21.956 6144.000 0.672 0.000 0.000 1792.000 0.196
230144.000 170.091 0.000 0.000 1024.000 0.757 0.000 0.000 128.000 0.095
245760.000 167.894 28672.000 19.588 1024.000 0.700 0.000 0.000 256.000 0.175
245760.000 184.607 28672.000 21.537 1024.000 0.769 0.000 0.000 128.000 0.096
215040.000 159.873 28672.000 21.316 768.000 0.571 0.000 0.000 256.000 0.190
215040.000 160.581 28672.000 21.411 768.000 0.574 0.000 0.000 256.000 0.191
215040.000 162.488 28672.000 21.665 1024.000 0.774 0.000 0.000 256.000 0.193
215040.000 164.014 28672.000 21.868 768.000 0.586 0.000 0.000 256.000 0.195
215040.000 162.841 28672.000 21.712 1024.000 0.775 0.000 0.000 256.000 0.194
230400.000 162.994 28672.000 20.284 1024.000 0.724 0.000 0.000 256.000 0.181
215040.000 160.933 28672.000 21.458 768.000 0.575 0.000 0.000 256.000 0.192
212736.000 160.691 28672.000 21.658 1024.000 0.773 0.000 0.000 256.000 0.193
232704.000 176.332 0.000 0.000 1024.000 0.776 0.000 0.000 128.000 0.097
240640.000 179.707 28672.000 21.412 1024.000 0.765 0.000 0.000 128.000 0.096
219392.000 165.071 28672.000 21.573 768.000 0.578 0.000 0.000 256.000 0.193
211712.000 161.350 28672.000 21.851 768.000 0.585 0.000 0.000 256.000 0.195
219136.000 160.255 28672.000 20.968 1024.000 0.749 0.000 0.000 256.000 0.187
225792.000 163.896 28672.000 20.812 768.000 0.557 0.000 0.000 256.000 0.186
219648.000 163.980 28672.000 21.405 1024.000 0.764 0.000 0.000 256.000 0.191
215040.000 161.342 28672.000 21.512 1024.000 0.768 0.000 0.000 256.000 0.192
245760.000 166.263 28672.000 19.397 1024.000 0.693 0.000 0.000 256.000 0.173
214784.000 160.963 28672.000 21.487 768.000 0.576 0.000 0.000 256.000 0.192
208896.000 155.383 28672.000 21.327 1024.000 0.762 0.000 0.000 256.000 0.190
236800.000 178.415 0.000 0.000 1024.000 0.772 0.000 0.000 128.000 0.096
245760.000 174.063 28672.000 20.307 1024.000 0.725 0.000 0.000 128.000 0.091
227968.000 171.417 28672.000 21.560 768.000 0.577 0.000 0.000 256.000 0.192
214144.000 159.832 28672.000 21.400 1024.000 0.764 0.000 0.000 256.000 0.191
218368.000 162.529 28672.000 21.340 144.000 0.107 0.000 0.000 256.000 0.191
215040.000 162.562 28672.000 21.675 0.000 0.000 0.000 0.000 256.000 0.194
215040.000 164.176 28672.000 21.890 0.000 0.000 0.000 0.000 256.000 0.195
208512.000 157.812 28672.000 21.700 0.000 0.000 0.000 0.000 256.000 0.194
231680.000 164.620 28672.000 20.373 0.000 0.000 0.000 0.000 256.000 0.182
220288.000 164.711 28672.000 21.438 0.000 0.000 0.000 0.000 256.000 0.191
215040.000 158.120 14336.000 10.541 0.000 0.000 0.000 0.000 256.000 0.188
245760.000 185.593 14336.000 10.826 0.000 0.000 0.000 0.000 0.000 0.000
226560.000 168.595 28672.000 21.336 0.000 0.000 0.000 0.000 256.000 0.191
218880.000 163.306 28672.000 21.392 0.000 0.000 0.000 0.000 256.000 0.191
215040.000 162.725 28672.000 21.697 0.000 0.000 0.000 0.000 256.000 0.194
215040.000 162.723 28672.000 21.696 0.000 0.000 0.000 0.000 256.000 0.194
225152.000 162.066 28672.000 20.638 0.000 0.000 0.000 0.000 256.000 0.184
220288.000 164.730 28672.000 21.441 0.000 0.000 0.000 0.000 256.000 0.191
215040.000 162.341 28672.000 21.645 0.000 0.000 0.000 0.000 256.000 0.193
215040.000 162.718 28672.000 21.696 0.000 0.000 0.000 0.000 256.000 0.194
215040.000 163.469 0.000 0.000 0.000 0.000 0.000 0.000 128.000 0.097
231424.000 173.514 28672.000 21.497 0.000 0.000 0.000 0.000 128.000 0.096
202496.000 152.574 28672.000 21.603 0.000 0.000 0.000 0.000 256.000 0.193
217856.000 156.273 28672.000 20.567 0.000 0.000 0.000 0.000 256.000 0.184
202496.000 153.320 28672.000 21.709 0.000 0.000 0.000 0.000 256.000 0.194
71424.000 48.680 28672.000 19.542 0.000 0.000 0.000 0.000 256.000 0.174
