67968.000 58.826 25088.000 21.714 1600.000 1.385 800.000 0.692 256.000 0.222
92864.000 64.718 50176.000 34.968 3600.000 2.509 800.000 0.558 512.000 0.357
179008.000 135.249 25088.000 18.955 0.000 0.000 0.000 0.000 256.000 0.193
185984.000 136.800 25088.000 18.453 0.000 0.000 0.000 0.000 256.000 0.188
153856.000 118.427 25088.000 19.311 0.000 0.000 0.000 0.000 384.000 0.296
226112.000 160.894 25088.000 17.852 2256.000 1.605 1472.000 1.047 128.000 0.091
341248.000 251.409 25088.000 18.483 0.000 0.000 0.000 0.000 512.000 0.377
193600.000 140.795 25088.000 18.245 8848.000 6.435 580.000 0.422 512.000 0.372
364032.000 273.647 75264.000 56.577 0.000 0.000 0.000 0.000 3072.000 2.309
389888.000 282.029 75264.000 54.443 0.000 0.000 0.000 0.000 3072.000 2.222
246400.000 177.005 50176.000 36.045 0.000 0.000 0.000 0.000 2048.000 1.471
41840.000 27.074 0.000 0.000 17152.000 11.099 128.000 0.083 0.000 0.000
277248.000 204.805 0.000 0.000 2048.000 1.513 0.000 0.000 0.000 0.000
275472.000 205.654 0.000 0.000 2048.000 1.529 0.000 0.000 0.000 0.000
275840.000 206.266 0.000 0.000 2048.000 1.531 0.000 0.000 0.000 0.000
244928.000 184.040 25088.000 18.851 1792.000 1.347 0.000 0.000 2048.000 1.539
277264.000 208.389 0.000 0.000 656.000 0.493 0.000 0.000 0.000 0.000
292528.000 208.107 0.000 0.000 0.000 0.000 0.000 0.000 0.000 0.000
264176.000 183.035 25088.000 17.382 0.000 0.000 0.000 0.000 2048.000 1.419
279568.000 209.034 0.000 0.000 0.000 0.000 0.000 0.000 0.000 0.000
278288.000 208.947 0.000 0.000 0.000 0.000 0.000 0.000 0.000 0.000
247472.000 185.630 25088.000 18.819 0.000 0.000 0.000 0.000 2048.000 1.536
279424.000 209.814 0.000 0.000 0.000 0.000 0.000 0.000 0.000 0.000
278384.000 209.201 0.000 0.000 0.000 0.000 0.000 0.000 0.000 0.000
169168.000 120.164 25088.000 17.821 0.000 0.000 0.000 0.000 2048.000 1.455
0.000 0.000 3168.000 1.906 17152.000 10.320 36.000 0.022 69248.000 41.666
0.000 0.000 15264.000 10.252 5472.000 3.675 0.000 0.000 332160.000 223.094
