17024.000 14.320 0.000 0.000 18064.000 15.195 176.000 0.148 0.000 0.000
422272.000 303.278 57344.000 41.185 0.000 0.000 0.000 0.000 1024.000 0.735
307968.000 228.458 86016.000 63.809 0.000 0.000 0.000 0.000 1536.000 1.139
432384.000 326.256 57344.000 43.269 0.000 0.000 0.000 0.000 1280.000 0.966
2783104.000 276.174 544768.000 54.059 0.000 0.000 0.000 0.000 9472.000 0.940
166016.000 97.741 57344.000 33.761 0.000 0.000 0.000 0.000 1024.000 0.603
0.000 0.000 0.000 0.000 0.000 0.000 0.000 0.000 0.000 0.000
0.000 0.000 0.000 0.000 0.000 0.000 0.000 0.000 0.000 0.000
297216.000 215.168 52840.000 38.253 18064.000 13.077 176.000 0.127 1024.000 0.741
406016.000 297.480 61840.000 45.309 0.000 0.000 0.000 0.000 1024.000 0.750
357760.000 269.540 86016.000 64.805 0.000 0.000 0.000 0.000 1536.000 1.157
398592.000 297.835 57344.000 42.848 0.000 0.000 0.000 0.000 1024.000 0.765
376320.000 265.216 86016.000 60.621 0.000 0.000 0.000 0.000 1536.000 1.083
375936.000 282.029 66408.000 49.820 0.000 0.000 0.000 0.000 1536.000 1.152
365184.000 274.769 76944.000 57.894 0.000 0.000 0.000 0.000 1024.000 0.770
372096.000 287.038 71680.000 55.295 0.000 0.000 0.000 0.000 1536.000 1.185
392960.000 296.118 71680.000 54.015 0.000 0.000 0.000 0.000 1024.000 0.772
344320.000 253.171 71680.000 52.705 0.000 0.000 0.000 0.000 1536.000 1.129
441344.000 334.496 71680.000 54.326 0.000 0.000 0.000 0.000 1024.000 0.776
1024.000 0.615 28672.000 17.213 0.000 0.000 0.000 0.000 512.000 0.307
0.000 0.000 0.000 0.000 0.000 0.000 0.000 0.000 0.000 0.000
76800.000 50.595 0.000 0.000 18064.000 11.900 176.000 0.116 0.000 0.000
365568.000 270.183 71680.000 52.977 0.000 0.000 0.000 0.000 1536.000 1.135
368640.000 273.931 71680.000 53.264 0.000 0.000 0.000 0.000 1024.000 0.761
370944.000 281.165 83448.000 63.251 0.000 0.000 0.000 0.000 1536.000 1.164
406656.000 304.719 59904.000 44.888 0.000 0.000 0.000 0.000 1024.000 0.767
469504.000 268.789 86016.000 49.244 0.000 0.000 0.000 0.000 1536.000 0.879
348416.000 261.524 86016.000 64.564 0.000 0.000 0.000 0.000 1536.000 1.153
395136.000 294.208 57344.000 42.697 0.000 0.000 0.000 0.000 1280.000 0.953
347008.000 257.083 86016.000 63.725 0.000 0.000 0.000 0.000 1280.000 0.948
390272.000 299.171 71680.000 54.948 0.000 0.000 0.000 0.000 1536.000 1.177
384000.000 287.917 71680.000 53.744 0.000 0.000 0.000 0.000 1024.000 0.768
205824.000 146.217 57344.000 40.737 0.000 0.000 0.000 0.000 1024.000 0.727
0.000 0.000 0.000 0.000 0.000 0.000 0.000 0.000 0.000 0.000
0.000 0.000 0.000 0.000 0.000 0.000 0.000 0.000 0.000 0.000
12800.000 9.257 0.000 0.000 18176.000 13.145 432.000 0.312 0.000 0.000
246656.000 173.333 0.000 0.000 1280.000 0.899 0.000 0.000 0.000 0.000
178816.000 132.345 14336.000 10.610 512.000 0.379 0.000 0.000 512.000 0.379
232832.000 173.039 14336.000 10.654 1024.000 0.761 0.000 0.000 0.000 0.000
205440.000 151.905 0.000 0.000 768.000 0.568 0.000 0.000 256.000 0.189
248064.000 170.593 28672.000 19.718 1280.000 0.880 0.000 0.000 256.000 0.176
218880.000 162.586 0.000 0.000 768.000 0.570 0.000 0.000 256.000 0.190
218880.000 164.042 28672.000 21.489 768.000 0.576 0.000 0.000 256.000 0.192
245760.000 183.883 0.000 0.000 1024.000 0.766 0.000 0.000 0.000 0.000
192000.000 144.732 28672.000 21.613 768.000 0.579 0.000 0.000 512.000 0.386
246784.000 184.568 0.000 0.000 768.000 0.574 0.000 0.000 0.000 0.000
190976.000 143.985 28672.000 21.617 1024.000 0.772 0.000 0.000 512.000 0.386
262656.000 183.818 0.000 0.000 768.000 0.537 0.000 0.000 0.000 0.000
214272.000 149.996 28672.000 20.071 1024.000 0.717 0.000 0.000 512.000 0.358
238080.000 177.644 0.000 0.000 768.000 0.573 0.000 0.000 0.000 0.000
204288.000 152.658 28672.000 21.426 1024.000 0.765 0.000 0.000 512.000 0.383
240000.000 177.536 0.000 0.000 768.000 0.568 0.000 0.000 0.000 0.000
197760.000 148.578 28672.000 21.541 1024.000 0.769 0.000 0.000 512.000 0.385
242560.000 180.728 0.000 0.000 768.000 0.572 0.000 0.000 0.000 0.000
195200.000 147.174 28672.000 21.618 768.000 0.579 0.000 0.000 512.000 0.386
262656.000 183.301 0.000 0.000 1024.000 0.715 0.000 0.000 0.000 0.000
190080.000 143.499 28672.000 21.646 768.000 0.580 0.000 0.000 512.000 0.387
247680.000 183.335 0.000 0.000 1024.000 0.758 0.000 0.000 0.000 0.000
197760.000 148.256 28672.000 21.495 512.000 0.384 0.000 0.000 512.000 0.384
259584.000 179.300 0.000 0.000 1280.000 0.884 0.000 0.000 0.000 0.000
199296.000 148.907 28672.000 21.423 512.000 0.383 0.000 0.000 512.000 0.383
242176.000 180.784 0.000 0.000 1024.000 0.764 0.000 0.000 0.000 0.000
218624.000 148.943 28672.000 19.533 768.000 0.523 0.000 0.000 512.000 0.349
300672.000 179.474 0.000 0.000 1280.000 0.764 0.000 0.000 0.000 0.000
201600.000 149.499 28672.000 21.262 1024.000 0.759 0.000 0.000 512.000 0.380
244736.000 182.121 0.000 0.000 768.000 0.572 0.000 0.000 0.000 0.000
193024.000 145.182 28672.000 21.566 768.000 0.578 0.000 0.000 512.000 0.385
243328.000 182.517 0.000 0.000 1024.000 0.768 0.000 0.000 0.000 0.000
188928.000 141.922 28672.000 21.538 512.000 0.385 0.000 0.000 512.000 0.385
260096.000 184.050 0.000 0.000 1280.000 0.906 0.000 0.000 0.000 0.000
197760.000 145.912 14336.000 10.577 512.000 0.378 0.000 0.000 512.000 0.378
248064.000 184.275 14336.000 10.650 1024.000 0.761 0.000 0.000 0.000 0.000
218880.000 163.354 0.000 0.000 768.000 0.573 0.000 0.000 256.000 0.191
238848.000 164.761 28672.000 19.778 272.000 0.188 0.000 0.000 256.000 0.177
228096.000 168.421 0.000 0.000 0.000 0.000 0.000 0.000 0.000 0.000
217984.000 163.732 28672.000 21.536 0.000 0.000 0.000 0.000 512.000 0.385
234368.000 175.948 0.000 0.000 0.000 0.000 0.000 0.000 0.000 0.000
218880.000 153.722 28672.000 20.137 0.000 0.000 0.000 0.000 512.000 0.360
237184.000 176.188 0.000 0.000 0.000 0.000 0.000 0.000 0.000 0.000
200576.000 150.861 28672.000 21.565 0.000 0.000 0.000 0.000 512.000 0.385
237952.000 178.606 0.000 0.000 0.000 0.000 0.000 0.000 0.000 0.000
199808.000 150.295 28672.000 21.567 0.000 0.000 0.000 0.000 512.000 0.385
241024.000 178.994 0.000 0.000 0.000 0.000 0.000 0.000 0.000 0.000
196736.000 147.874 28672.000 21.551 0.000 0.000 0.000 0.000 512.000 0.385
262656.000 183.907 0.000 0.000 0.000 0.000 0.000 0.000 0.000 0.000
192768.000 144.490 28672.000 21.491 0.000 0.000 0.000 0.000 512.000 0.384
344192.000 182.088 0.000 0.000 0.000 0.000 0.000 0.000 0.000 0.000
195712.000 145.886 28672.000 21.372 0.000 0.000 0.000 0.000 512.000 0.382
244992.000 182.299 0.000 0.000 0.000 0.000 0.000 0.000 0.000 0.000
199680.000 142.559 28672.000 20.470 0.000 0.000 0.000 0.000 512.000 0.366
227584.000 167.415 0.000 0.000 0.000 0.000 0.000 0.000 0.000 0.000
205440.000 142.484 28672.000 19.886 0.000 0.000 0.000 0.000 512.000 0.355
232832.000 171.403 0.000 0.000 0.000 0.000 0.000 0.000 0.000 0.000
54784.000 37.932 28672.000 19.852 0.000 0.000 0.000 0.000 512.000 0.355
0.000 0.000 0.000 0.000 0.000 0.000 0.000 0.000 0.000 0.000
13824.000 8.789 0.000 0.000 7984.000 5.076 176.000 0.112 0.000 0.000
281088.000 202.175 43752.000 31.469 0.000 0.000 0.000 0.000 2048.000 1.473
294912.000 214.480 56592.000 41.158 0.000 0.000 0.000 0.000 2048.000 1.489
294912.000 202.816 57832.000 39.772 0.000 0.000 0.000 0.000 2048.000 1.408
147456.000 101.659 42512.000 29.309 0.000 0.000 0.000 0.000 1024.000 0.706
147456.000 104.363 86016.000 60.878 3504.000 2.480 176.000 0.125 1792.000 1.268
110592.000 82.564 114688.000 85.622 0.000 0.000 0.000 0.000 1792.000 1.338
177664.000 123.218 0.000 0.000 1616.000 1.121 748.000 0.519 512.000 0.355
249216.000 141.006 50176.000 28.389 1616.000 0.914 800.000 0.453 1536.000 0.869
113280.000 85.743 50176.000 37.979 0.000 0.000 0.000 0.000 1024.000 0.775
141312.000 100.478 94080.000 66.894 2832.000 2.014 128.000 0.091 2240.000 1.593
0.000 0.000 31360.000 19.292 1856.000 1.142 36.000 0.022 50496.000 31.065
0.000 0.000 25088.000 15.828 0.000 0.000 0.000 0.000 401408.000 253.249
146784.000 103.804 6272.000 4.435 2592.000 1.833 1808.000 1.279 50176.000 35.484
190304.000 140.896 31360.000 23.218 0.000 0.000 0.000 0.000 640.000 0.474
221984.000 162.843 0.000 0.000 0.000 0.000 0.000 0.000 0.000 0.000
27168.000 19.734 31360.000 22.779 0.000 0.000 0.000 0.000 640.000 0.465
