385088.000 72.443 125440.000 23.598 5168.000 0.972 928.000 0.175 2048.000 0.385
627648.000 171.073 150056.000 40.900 10896.000 2.970 352.000 0.096 1536.000 0.419
430592.000 324.412 75728.000 57.054 0.000 0.000 0.000 0.000 896.000 0.675
360448.000 281.983 100352.000 78.507 0.000 0.000 0.000 0.000 896.000 0.701
399360.000 317.772 75264.000 59.888 0.000 0.000 0.000 0.000 896.000 0.713
108544.000 86.042 50176.000 39.774 0.000 0.000 0.000 0.000 384.000 0.304
0.000 0.000 0.000 0.000 0.000 0.000 0.000 0.000 0.000 0.000
1136256.000 154.575 50176.000 6.826 25088.000 3.413 128.000 0.017 2048.000 0.279
351296.000 247.991 25088.000 17.710 1936.000 1.367 0.000 0.000 1024.000 0.723
395744.000 282.440 0.000 0.000 0.000 0.000 0.000 0.000 0.000 0.000
1486688.000 264.366 75264.000 13.384 0.000 0.000 0.000 0.000 3072.000 0.546
339008.000 249.186 25088.000 18.441 0.000 0.000 0.000 0.000 1024.000 0.753
214848.000 163.232 25088.000 19.061 0.000 0.000 0.000 0.000 1024.000 0.778
0.000 0.000 0.000 0.000 0.000 0.000 0.000 0.000 0.000 0.000
0.000 0.000 0.000 0.000 0.000 0.000 0.000 0.000 0.000 0.000
1737728.000 260.447 0.000 0.000 12944.000 1.940 2760.000 0.414 0.000 0.000
439360.000 313.475 0.000 0.000 0.000 0.000 0.000 0.000 0.000 0.000
457280.000 313.334 0.000 0.000 0.000 0.000 0.000 0.000 0.000 0.000
2150528.000 328.288 0.000 0.000 0.000 0.000 0.000 0.000 0.000 0.000
375232.000 271.286 25088.000 18.138 0.000 0.000 0.000 0.000 2048.000 1.481
436288.000 315.545 0.000 0.000 0.000 0.000 0.000 0.000 0.000 0.000
2158336.000 330.584 0.000 0.000 0.000 0.000 0.000 0.000 0.000 0.000
452992.000 310.188 0.000 0.000 0.000 0.000 0.000 0.000 0.000 0.000
438720.000 313.061 0.000 0.000 0.000 0.000 0.000 0.000 0.000 0.000
437952.000 315.903 0.000 0.000 0.000 0.000 0.000 0.000 0.000 0.000
459456.000 307.224 0.000 0.000 0.000 0.000 0.000 0.000 0.000 0.000
458592.000 311.296 0.000 0.000 0.000 0.000 0.000 0.000 0.000 0.000
237536.000 166.211 25088.000 17.555 0.000 0.000 0.000 0.000 2048.000 1.433
0.000 0.000 7936.000 5.594 11360.000 8.007 36.000 0.025 97664.000 68.841
0.000 0.000 8448.000 5.835 0.000 0.000 0.000 0.000 103040.000 71.169
