177664.000 20.052 0.000 0.000 1488.000 0.168 744.000 0.084 256.000 0.029
181248.000 123.861 50176.000 34.289 0.000 0.000 0.000 0.000 768.000 0.525
0.000 0.000 0.000 0.000 0.000 0.000 0.000 0.000 0.000 0.000
0.000 0.000 0.000 0.000 0.000 0.000 0.000 0.000 0.000 0.000
0.000 0.000 0.000 0.000 0.000 0.000 0.000 0.000 0.000 0.000
0.000 0.000 0.000 0.000 0.000 0.000 0.000 0.000 0.000 0.000
0.000 0.000 0.000 0.000 0.000 0.000 0.000 0.000 0.000 0.000
0.000 0.000 0.000 0.000 0.000 0.000 0.000 0.000 0.000 0.000
0.000 0.000 0.000 0.000 0.000 0.000 0.000 0.000 0.000 0.000
213440.000 32.824 206976.000 31.830 7456.000 1.147 2104.000 0.324 506368.000 77.871
287552.000 167.819 0.000 0.000 0.000 0.000 0.000 0.000 0.000 0.000
0.000 0.000 31360.000 23.861 0.000 0.000 0.000 0.000 1280.000 0.974
0.000 0.000 0.000 0.000 0.000 0.000 0.000 0.000 0.000 0.000
586240.000 98.610 62720.000 10.550 2688.000 0.452 3624.000 0.610 2560.000 0.431
0.000 0.000 0.000 0.000 0.000 0.000 0.000 0.000 0.000 0.000
0.000 0.000 0.000 0.000 0.000 0.000 0.000 0.000 0.000 0.000
0.000 0.000 0.000 0.000 0.000 0.000 0.000 0.000 0.000 0.000
820864.000 134.112 109760.000 17.932 5296.000 0.865 4300.000 0.703 4480.000 0.732
289472.000 205.816 0.000 0.000 0.000 0.000 0.000 0.000 0.000 0.000
264128.000 189.374 0.000 0.000 0.000 0.000 0.000 0.000 0.000 0.000
296704.000 213.685 0.000 0.000 0.000 0.000 0.000 0.000 0.000 0.000
1242528.000 169.493 39200.000 5.347 5920.000 0.808 2176.000 0.297 80000.000 10.913
291920.000 206.769 0.000 0.000 0.000 0.000 0.000 0.000 0.000 0.000
282704.000 203.868 0.000 0.000 0.000 0.000 0.000 0.000 0.000 0.000
426800.000 93.758 58800.000 12.917 496.000 0.109 1476.000 0.324 8000.000 1.757
