293632.000 33.685 0.000 0.000 3808.000 0.437 1416.000 0.162 0.000 0.000
457088.000 316.236 0.000 0.000 0.000 0.000 0.000 0.000 0.000 0.000
396992.000 265.131 25088.000 16.755 0.000 0.000 0.000 0.000 1024.000 0.684
447680.000 325.221 0.000 0.000 0.000 0.000 0.000 0.000 0.000 0.000
0.000 0.000 25088.000 18.558 0.000 0.000 0.000 0.000 1024.000 0.757
0.000 0.000 0.000 0.000 0.000 0.000 0.000 0.000 0.000 0.000
0.000 0.000 0.000 0.000 0.000 0.000 0.000 0.000 0.000 0.000
0.000 0.000 0.000 0.000 0.000 0.000 0.000 0.000 0.000 0.000
0.000 0.000 0.000 0.000 0.000 0.000 0.000 0.000 0.000 0.000
2364608.000 234.628 250880.000 24.894 16688.000 1.656 2636.000 0.262 10240.000 1.016
494080.000 159.584 25088.000 8.103 0.000 0.000 0.000 0.000 1024.000 0.331
61760.000 47.552 25088.000 19.316 0.000 0.000 0.000 0.000 1024.000 0.788
0.000 0.000 0.000 0.000 0.000 0.000 0.000 0.000 0.000 0.000
0.000 0.000 0.000 0.000 0.000 0.000 0.000 0.000 0.000 0.000
0.000 0.000 0.000 0.000 0.000 0.000 0.000 0.000 0.000 0.000
0.000 0.000 0.000 0.000 0.000 0.000 0.000 0.000 0.000 0.000
0.000 0.000 0.000 0.000 0.000 0.000 0.000 0.000 0.000 0.000
1122288.000 185.246 125440.000 20.705 9888.000 1.632 708.000 0.117 6144.000 1.014
280592.000 206.698 0.000 0.000 0.000 0.000 0.000 0.000 1024.000 0.754
0.000 0.000 25088.000 19.861 0.000 0.000 0.000 0.000 1024.000 0.811
0.000 0.000 0.000 0.000 0.000 0.000 0.000 0.000 0.000 0.000
0.000 0.000 16384.000 4.699 6240.000 1.790 16.000 0.005 200704.000 57.562
