10368.000 8.945 0.000 0.000 14480.000 12.492 464.000 0.400 0.000 0.000
192384.000 141.161 0.000 0.000 0.000 0.000 0.000 0.000 128.000 0.094
193664.000 151.883 28672.000 22.486 0.000 0.000 0.000 0.000 128.000 0.100
185472.000 144.631 28672.000 22.358 0.000 0.000 0.000 0.000 256.000 0.200
188800.000 143.546 28672.000 21.799 0.000 0.000 0.000 0.000 256.000 0.195
177536.000 138.396 28672.000 22.351 0.000 0.000 0.000 0.000 256.000 0.200
197120.000 145.901 28672.000 21.222 0.000 0.000 0.000 0.000 256.000 0.189
182784.000 143.826 28672.000 22.561 0.000 0.000 0.000 0.000 256.000 0.201
175104.000 136.712 28672.000 22.386 0.000 0.000 0.000 0.000 256.000 0.200
204800.000 154.484 0.000 0.000 0.000 0.000 0.000 0.000 128.000 0.097
203520.000 159.612 28672.000 22.486 0.000 0.000 0.000 0.000 128.000 0.100
176384.000 140.330 28672.000 22.811 0.000 0.000 0.000 0.000 256.000 0.204
179968.000 142.122 28672.000 22.643 0.000 0.000 0.000 0.000 256.000 0.202
186368.000 147.162 28672.000 22.640 0.000 0.000 0.000 0.000 256.000 0.202
185472.000 138.286 28672.000 21.378 0.000 0.000 0.000 0.000 256.000 0.191
166016.000 129.551 28672.000 22.374 0.000 0.000 0.000 0.000 256.000 0.200
176128.000 139.831 0.000 0.000 0.000 0.000 0.000 0.000 128.000 0.102
0.000 0.000 28672.000 18.177 0.000 0.000 0.000 0.000 128.000 0.081
25856.000 17.925 0.000 0.000 21248.000 14.730 464.000 0.322 0.000 0.000
176896.000 132.982 6608.000 4.968 768.000 0.577 0.000 0.000 384.000 0.289
192128.000 149.400 22056.000 17.151 1024.000 0.796 0.000 0.000 128.000 0.100
175360.000 128.885 28672.000 21.073 1024.000 0.753 0.000 0.000 512.000 0.376
157440.000 123.051 28672.000 22.409 768.000 0.600 0.000 0.000 512.000 0.400
164736.000 129.188 28672.000 22.485 1024.000 0.803 0.000 0.000 512.000 0.402
165504.000 128.929 28672.000 22.336 1024.000 0.798 0.000 0.000 512.000 0.399
187264.000 146.289 0.000 0.000 768.000 0.600 0.000 0.000 256.000 0.200
213888.000 158.832 28672.000 21.292 1024.000 0.760 0.000 0.000 256.000 0.190
166016.000 130.024 28672.000 22.456 768.000 0.601 0.000 0.000 512.000 0.401
166400.000 130.585 28672.000 22.501 1024.000 0.804 0.000 0.000 512.000 0.402
186368.000 137.124 28672.000 21.096 1024.000 0.753 0.000 0.000 512.000 0.377
165376.000 129.826 28672.000 22.508 16.000 0.013 0.000 0.000 512.000 0.402
187392.000 147.827 0.000 0.000 0.000 0.000 0.000 0.000 256.000 0.202
195584.000 153.972 28672.000 22.572 0.000 0.000 0.000 0.000 256.000 0.202
170752.000 133.661 28672.000 22.444 0.000 0.000 0.000 0.000 512.000 0.401
165504.000 129.992 28672.000 22.520 0.000 0.000 0.000 0.000 512.000 0.402
173696.000 136.997 28672.000 22.614 0.000 0.000 0.000 0.000 512.000 0.404
162816.000 124.796 14336.000 10.988 0.000 0.000 0.000 0.000 512.000 0.392
217088.000 161.856 14336.000 10.689 0.000 0.000 0.000 0.000 0.000 0.000
189952.000 147.658 28672.000 22.288 0.000 0.000 0.000 0.000 512.000 0.398
162816.000 126.916 28672.000 22.350 0.000 0.000 0.000 0.000 512.000 0.399
176384.000 138.328 28672.000 22.486 0.000 0.000 0.000 0.000 512.000 0.402
162816.000 127.833 28672.000 22.512 0.000 0.000 0.000 0.000 512.000 0.402
176384.000 139.020 14336.000 11.299 0.000 0.000 0.000 0.000 512.000 0.404
217088.000 166.760 14336.000 11.012 0.000 0.000 0.000 0.000 0.000 0.000
176384.000 132.640 28672.000 21.561 0.000 0.000 0.000 0.000 512.000 0.385
165504.000 129.465 28672.000 22.429 0.000 0.000 0.000 0.000 512.000 0.401
173696.000 136.375 28672.000 22.512 0.000 0.000 0.000 0.000 512.000 0.402
176384.000 128.951 28672.000 20.962 0.000 0.000 0.000 0.000 512.000 0.374
162048.000 126.090 14336.000 11.155 0.000 0.000 0.000 0.000 512.000 0.398
202752.000 158.895 14336.000 11.235 0.000 0.000 0.000 0.000 0.000 0.000
152064.000 119.949 28672.000 22.617 0.000 0.000 0.000 0.000 512.000 0.404
164736.000 129.170 28672.000 22.482 0.000 0.000 0.000 0.000 512.000 0.401
88704.000 61.031 28672.000 19.727 0.000 0.000 0.000 0.000 512.000 0.352
0.000 0.000 0.000 0.000 0.000 0.000 0.000 0.000 0.000 0.000
0.000 0.000 0.000 0.000 0.000 0.000 0.000 0.000 0.000 0.000
0.000 0.000 0.000 0.000 0.000 0.000 0.000 0.000 0.000 0.000
205440.000 148.265 0.000 0.000 19712.000 14.226 436.000 0.315 0.000 0.000
230144.000 171.301 0.000 0.000 768.000 0.572 0.000 0.000 0.000 0.000
172032.000 130.881 28672.000 21.813 1024.000 0.779 0.000 0.000 1024.000 0.779
262016.000 170.481 0.000 0.000 1024.000 0.666 0.000 0.000 0.000 0.000
184448.000 139.945 28672.000 21.754 768.000 0.583 0.000 0.000 1024.000 0.777
243584.000 183.729 0.000 0.000 768.000 0.579 0.000 0.000 0.000 0.000
186880.000 142.579 28672.000 21.875 1024.000 0.781 0.000 0.000 1024.000 0.781
238336.000 181.193 0.000 0.000 768.000 0.584 0.000 0.000 0.000 0.000
187264.000 141.809 28672.000 21.712 1024.000 0.775 0.000 0.000 1024.000 0.775
235904.000 178.170 0.000 0.000 768.000 0.580 0.000 0.000 0.000 0.000
189696.000 144.863 28672.000 21.896 768.000 0.586 0.000 0.000 1024.000 0.782
248064.000 177.170 0.000 0.000 1024.000 0.731 0.000 0.000 0.000 0.000
189696.000 144.377 28672.000 21.822 768.000 0.585 0.000 0.000 1024.000 0.779
233472.000 177.245 0.000 0.000 1024.000 0.777 0.000 0.000 0.000 0.000
1663488.000 161.038 114688.000 11.103 6400.000 0.620 0.000 0.000 4096.000 0.397
248064.000 178.953 0.000 0.000 1280.000 0.923 0.000 0.000 0.000 0.000
189440.000 145.393 28672.000 22.005 512.000 0.393 0.000 0.000 1024.000 0.786
243328.000 178.097 0.000 0.000 1280.000 0.937 0.000 0.000 0.000 0.000
194688.000 149.265 6632.000 5.085 512.000 0.393 0.000 0.000 768.000 0.589
239872.000 172.459 22032.000 15.840 1280.000 0.920 0.000 0.000 256.000 0.184
227072.000 171.063 0.000 0.000 768.000 0.579 0.000 0.000 0.000 0.000
200448.000 154.327 28672.000 22.075 1024.000 0.788 0.000 0.000 1024.000 0.788
237312.000 180.116 0.000 0.000 768.000 0.583 0.000 0.000 0.000 0.000
180736.000 139.534 28672.000 22.136 768.000 0.593 0.000 0.000 1024.000 0.791
237696.000 181.886 0.000 0.000 768.000 0.588 0.000 0.000 0.000 0.000
179840.000 139.519 28672.000 22.244 1024.000 0.794 0.000 0.000 1024.000 0.794
262656.000 184.173 0.000 0.000 768.000 0.539 0.000 0.000 0.000 0.000
188032.000 142.953 28672.000 21.798 1024.000 0.779 0.000 0.000 1024.000 0.779
235136.000 177.481 0.000 0.000 768.000 0.580 0.000 0.000 0.000 0.000
187392.000 143.753 28672.000 21.995 768.000 0.589 0.000 0.000 1024.000 0.786
235776.000 180.487 0.000 0.000 1024.000 0.784 0.000 0.000 0.000 0.000
189696.000 146.028 14336.000 11.036 768.000 0.591 0.000 0.000 1024.000 0.788
230144.000 176.727 14336.000 11.009 272.000 0.209 0.000 0.000 0.000 0.000
236800.000 170.685 0.000 0.000 0.000 0.000 0.000 0.000 0.000 0.000
227328.000 154.907 28672.000 19.538 0.000 0.000 0.000 0.000 1024.000 0.698
239616.000 179.974 0.000 0.000 0.000 0.000 0.000 0.000 0.000 0.000
189312.000 144.193 28672.000 21.839 0.000 0.000 0.000 0.000 1024.000 0.780
233856.000 177.336 0.000 0.000 0.000 0.000 0.000 0.000 0.000 0.000
189696.000 146.173 28672.000 22.094 0.000 0.000 0.000 0.000 1024.000 0.789
233472.000 178.430 0.000 0.000 0.000 0.000 0.000 0.000 0.000 0.000
184448.000 141.609 28672.000 22.013 0.000 0.000 0.000 0.000 1024.000 0.786
265856.000 181.269 0.000 0.000 0.000 0.000 0.000 0.000 0.000 0.000
189440.000 143.718 28672.000 21.752 0.000 0.000 0.000 0.000 1024.000 0.777
235776.000 179.138 0.000 0.000 0.000 0.000 0.000 0.000 0.000 0.000
184320.000 141.159 28672.000 21.958 0.000 0.000 0.000 0.000 1024.000 0.784
238848.000 182.036 0.000 0.000 0.000 0.000 0.000 0.000 0.000 0.000
189696.000 145.751 14336.000 11.015 0.000 0.000 0.000 0.000 1024.000 0.787
233472.000 178.411 14336.000 10.955 0.000 0.000 0.000 0.000 0.000 0.000
233472.000 178.232 0.000 0.000 0.000 0.000 0.000 0.000 0.000 0.000
1106432.000 100.933 86016.000 7.847 19712.000 1.798 436.000 0.040 3072.000 0.280
208384.000 154.466 0.000 0.000 768.000 0.569 0.000 0.000 256.000 0.190
219136.000 150.790 28672.000 19.730 1280.000 0.881 0.000 0.000 768.000 0.528
219136.000 165.815 0.000 0.000 768.000 0.581 0.000 0.000 0.000 0.000
189696.000 145.437 28672.000 21.982 768.000 0.589 0.000 0.000 1024.000 0.785
233600.000 177.404 0.000 0.000 768.000 0.583 0.000 0.000 0.000 0.000
189568.000 145.266 28672.000 21.971 1024.000 0.785 0.000 0.000 1024.000 0.785
233472.000 177.919 0.000 0.000 768.000 0.585 0.000 0.000 0.000 0.000
1488384.000 160.006 100352.000 10.788 6144.000 0.661 0.000 0.000 4096.000 0.440
248064.000 178.920 14336.000 10.340 1024.000 0.739 0.000 0.000 0.000 0.000
218880.000 166.902 0.000 0.000 768.000 0.586 0.000 0.000 0.000 0.000
204288.000 156.640 28672.000 21.985 1024.000 0.785 0.000 0.000 1024.000 0.785
233472.000 178.173 0.000 0.000 768.000 0.586 0.000 0.000 0.000 0.000
188672.000 144.401 28672.000 21.944 1024.000 0.784 0.000 0.000 1024.000 0.784
234496.000 178.835 0.000 0.000 768.000 0.586 0.000 0.000 0.000 0.000
185472.000 143.419 28672.000 22.171 768.000 0.594 0.000 0.000 1024.000 0.792
237696.000 180.419 0.000 0.000 768.000 0.583 0.000 0.000 0.000 0.000
2232576.000 162.527 143360.000 10.436 9216.000 0.671 0.000 0.000 5120.000 0.373
218880.000 164.705 0.000 0.000 768.000 0.578 0.000 0.000 256.000 0.193
204288.000 156.904 28672.000 22.022 1024.000 0.786 0.000 0.000 768.000 0.590
233472.000 178.381 0.000 0.000 768.000 0.587 0.000 0.000 0.000 0.000
189696.000 145.875 28672.000 22.049 1024.000 0.787 0.000 0.000 1024.000 0.787
1561344.000 164.918 86016.000 9.086 1296.000 0.137 0.000 0.000 3072.000 0.324
189696.000 140.101 28672.000 21.176 0.000 0.000 0.000 0.000 1024.000 0.756
248064.000 179.717 0.000 0.000 0.000 0.000 0.000 0.000 0.000 0.000
175104.000 135.178 20456.000 15.792 0.000 0.000 0.000 0.000 1024.000 0.791
248064.000 189.614 8208.000 6.274 0.000 0.000 0.000 0.000 0.000 0.000
218880.000 166.736 0.000 0.000 0.000 0.000 0.000 0.000 0.000 0.000
204288.000 156.477 28672.000 21.962 0.000 0.000 0.000 0.000 1024.000 0.784
233472.000 177.770 0.000 0.000 0.000 0.000 0.000 0.000 0.000 0.000
184704.000 143.063 28672.000 22.208 0.000 0.000 0.000 0.000 1024.000 0.793
1692672.000 116.934 114688.000 7.923 18944.000 1.309 436.000 0.030 4096.000 0.283
257024.000 170.662 0.000 0.000 1024.000 0.680 0.000 0.000 0.000 0.000
173184.000 130.706 28672.000 21.639 768.000 0.580 0.000 0.000 1024.000 0.773
229888.000 173.283 0.000 0.000 1024.000 0.772 0.000 0.000 0.000 0.000
178688.000 136.367 14336.000 10.941 768.000 0.586 0.000 0.000 1024.000 0.781
233472.000 177.827 14336.000 10.919 1024.000 0.780 0.000 0.000 0.000 0.000
1254400.000 161.435 86016.000 11.070 5120.000 0.659 0.000 0.000 3072.000 0.395
233984.000 176.545 0.000 0.000 768.000 0.579 0.000 0.000 0.000 0.000
204288.000 147.325 28672.000 20.677 768.000 0.554 0.000 0.000 1024.000 0.738
233472.000 177.091 0.000 0.000 1024.000 0.777 0.000 0.000 0.000 0.000
180480.000 137.285 28672.000 21.810 768.000 0.584 0.000 0.000 1024.000 0.779
242688.000 184.173 0.000 0.000 1024.000 0.777 0.000 0.000 0.000 0.000
218880.000 166.523 0.000 0.000 768.000 0.584 0.000 0.000 256.000 0.195
233472.000 160.616 28672.000 19.725 1024.000 0.704 0.000 0.000 768.000 0.528
233472.000 176.657 0.000 0.000 768.000 0.581 0.000 0.000 0.000 0.000
189696.000 145.722 28672.000 22.025 1024.000 0.787 0.000 0.000 1024.000 0.787
2509824.000 164.458 143360.000 9.394 9984.000 0.654 0.000 0.000 5120.000 0.335
181120.000 140.127 28672.000 22.183 1024.000 0.792 0.000 0.000 1024.000 0.792
234880.000 181.001 0.000 0.000 768.000 0.592 0.000 0.000 0.000 0.000
182272.000 141.778 28672.000 22.302 512.000 0.398 0.000 0.000 1024.000 0.797
1287424.000 167.086 57344.000 7.442 4112.000 0.534 0.000 0.000 2048.000 0.266
191744.000 144.740 28672.000 21.643 0.000 0.000 0.000 0.000 1024.000 0.773
231552.000 179.514 0.000 0.000 0.000 0.000 0.000 0.000 0.000 0.000
198912.000 145.722 28672.000 21.005 0.000 0.000 0.000 0.000 1024.000 0.750
235392.000 180.549 0.000 0.000 0.000 0.000 0.000 0.000 0.000 0.000
181888.000 140.519 28672.000 22.151 0.000 0.000 0.000 0.000 1024.000 0.791
233600.000 180.400 0.000 0.000 0.000 0.000 0.000 0.000 0.000 0.000
211840.000 163.896 0.000 0.000 0.000 0.000 0.000 0.000 256.000 0.198
204288.000 158.281 28672.000 22.215 0.000 0.000 0.000 0.000 768.000 0.595
233472.000 180.329 0.000 0.000 0.000 0.000 0.000 0.000 0.000 0.000
180864.000 140.782 28672.000 22.318 0.000 0.000 0.000 0.000 1024.000 0.797
2125696.000 125.950 143360.000 8.494 0.000 0.000 0.000 0.000 5120.000 0.303
193408.000 137.463 0.000 0.000 19712.000 14.010 436.000 0.310 0.000 0.000
231168.000 172.748 0.000 0.000 768.000 0.574 0.000 0.000 0.000 0.000
191744.000 136.423 28672.000 20.400 1024.000 0.729 0.000 0.000 1024.000 0.729
220544.000 165.743 0.000 0.000 768.000 0.577 0.000 0.000 0.000 0.000
185600.000 141.310 28672.000 21.830 1024.000 0.780 0.000 0.000 1024.000 0.780
238208.000 180.213 0.000 0.000 768.000 0.581 0.000 0.000 0.000 0.000
214144.000 146.380 28672.000 19.599 1024.000 0.700 0.000 0.000 1024.000 0.700
242816.000 183.137 0.000 0.000 768.000 0.579 0.000 0.000 0.000 0.000
182912.000 139.329 28672.000 21.840 1024.000 0.780 0.000 0.000 1024.000 0.780
2434176.000 163.921 143360.000 9.654 9728.000 0.655 0.000 0.000 5120.000 0.345
249728.000 179.822 0.000 0.000 768.000 0.553 0.000 0.000 0.000 0.000
188032.000 143.066 28672.000 21.815 1024.000 0.779 0.000 0.000 1024.000 0.779
241280.000 182.796 0.000 0.000 768.000 0.582 0.000 0.000 0.000 0.000
183296.000 139.723 28672.000 21.856 1024.000 0.781 0.000 0.000 1024.000 0.781
1321472.000 162.459 86016.000 10.575 5120.000 0.629 0.000 0.000 3072.000 0.378
244480.000 180.097 0.000 0.000 1024.000 0.754 0.000 0.000 0.000 0.000
183680.000 139.769 14336.000 10.909 768.000 0.584 0.000 0.000 1024.000 0.779
256640.000 183.666 14336.000 10.260 1024.000 0.733 0.000 0.000 0.000 0.000
210304.000 157.615 0.000 0.000 768.000 0.576 0.000 0.000 512.000 0.384
218880.000 165.796 28672.000 21.718 1024.000 0.776 0.000 0.000 512.000 0.388
236416.000 178.126 0.000 0.000 768.000 0.579 0.000 0.000 0.000 0.000
186752.000 143.120 28672.000 21.973 1024.000 0.785 0.000 0.000 1024.000 0.785
233984.000 178.355 0.000 0.000 768.000 0.585 0.000 0.000 0.000 0.000
189184.000 145.158 28672.000 22.000 528.000 0.405 0.000 0.000 1024.000 0.786
2450944.000 164.197 143360.000 9.604 0.000 0.000 0.000 0.000 5120.000 0.343
219392.000 164.065 0.000 0.000 0.000 0.000 0.000 0.000 256.000 0.191
204288.000 155.700 28672.000 21.853 0.000 0.000 0.000 0.000 768.000 0.585
239872.000 180.812 0.000 0.000 0.000 0.000 0.000 0.000 0.000 0.000
183296.000 140.530 28672.000 21.982 0.000 0.000 0.000 0.000 1024.000 0.785
1182976.000 143.687 86016.000 10.448 0.000 0.000 0.000 0.000 3072.000 0.373
0.000 0.000 0.000 0.000 0.000 0.000 0.000 0.000 0.000 0.000
0.000 0.000 0.000 0.000 0.000 0.000 0.000 0.000 0.000 0.000
0.000 0.000 0.000 0.000 0.000 0.000 0.000 0.000 0.000 0.000
0.000 0.000 0.000 0.000 0.000 0.000 0.000 0.000 0.000 0.000
0.000 0.000 0.000 0.000 0.000 0.000 0.000 0.000 0.000 0.000
0.000 0.000 0.000 0.000 0.000 0.000 0.000 0.000 0.000 0.000
0.000 0.000 0.000 0.000 0.000 0.000 0.000 0.000 0.000 0.000
0.000 0.000 0.000 0.000 0.000 0.000 0.000 0.000 0.000 0.000
0.000 0.000 0.000 0.000 0.000 0.000 0.000 0.000 0.000 0.000
1283200.000 161.880 229376.000 28.937 18960.000 2.392 176.000 0.022 4096.000 0.517
338816.000 252.774 71680.000 53.477 0.000 0.000 0.000 0.000 1536.000 1.146
315648.000 238.166 71680.000 54.085 0.000 0.000 0.000 0.000 1024.000 0.773
1453824.000 275.318 258048.000 48.868 0.000 0.000 0.000 0.000 4608.000 0.873
294912.000 219.913 71680.000 53.451 0.000 0.000 0.000 0.000 1536.000 1.145
377216.000 292.015 71680.000 55.490 0.000 0.000 0.000 0.000 1024.000 0.793
65152.000 51.659 28672.000 22.734 0.000 0.000 0.000 0.000 512.000 0.406
1129728.000 139.288 200704.000 24.746 18960.000 2.338 176.000 0.022 3584.000 0.442
344832.000 248.757 57344.000 41.367 0.000 0.000 0.000 0.000 1280.000 0.923
315520.000 243.713 86016.000 66.440 0.000 0.000 0.000 0.000 1280.000 0.989
400640.000 278.574 57344.000 39.873 0.000 0.000 0.000 0.000 1024.000 0.712
316032.000 237.987 57344.000 43.183 0.000 0.000 0.000 0.000 1280.000 0.964
337792.000 261.013 86016.000 66.465 0.000 0.000 0.000 0.000 1280.000 0.989
354944.000 268.598 57344.000 43.394 0.000 0.000 0.000 0.000 1024.000 0.775
339456.000 263.465 71680.000 55.634 0.000 0.000 0.000 0.000 1536.000 1.192
333184.000 252.722 71680.000 54.370 0.000 0.000 0.000 0.000 1024.000 0.777
256640.000 200.361 57344.000 44.769 0.000 0.000 0.000 0.000 1024.000 0.799
1221504.000 147.605 229376.000 27.718 18960.000 2.291 176.000 0.021 4096.000 0.495
400512.000 282.494 57344.000 40.447 0.000 0.000 0.000 0.000 1024.000 0.722
294912.000 212.604 71680.000 51.675 0.000 0.000 0.000 0.000 1536.000 1.107
405504.000 308.614 71680.000 54.553 0.000 0.000 0.000 0.000 1024.000 0.779
331776.000 251.506 57344.000 43.470 0.000 0.000 0.000 0.000 1280.000 0.970
319360.000 246.123 86016.000 66.291 0.000 0.000 0.000 0.000 1280.000 0.986
373376.000 283.475 57344.000 43.537 0.000 0.000 0.000 0.000 1024.000 0.777
339456.000 258.171 57344.000 43.613 0.000 0.000 0.000 0.000 1024.000 0.779
313216.000 243.239 86016.000 66.799 0.000 0.000 0.000 0.000 1536.000 1.193
129152.000 102.639 28672.000 22.786 0.000 0.000 0.000 0.000 512.000 0.407
1032192.000 126.299 200704.000 24.558 7984.000 0.977 176.000 0.022 7168.000 0.877
0.000 0.000 0.000 0.000 0.000 0.000 0.000 0.000 0.000 0.000
0.000 0.000 0.000 0.000 0.000 0.000 0.000 0.000 0.000 0.000
0.000 0.000 0.000 0.000 0.000 0.000 0.000 0.000 0.000 0.000
0.000 0.000 0.000 0.000 0.000 0.000 0.000 0.000 0.000 0.000
0.000 0.000 0.000 0.000 0.000 0.000 0.000 0.000 0.000 0.000
0.000 0.000 0.000 0.000 0.000 0.000 0.000 0.000 0.000 0.000
0.000 0.000 0.000 0.000 0.000 0.000 0.000 0.000 0.000 0.000
0.000 0.000 0.000 0.000 0.000 0.000 0.000 0.000 0.000 0.000
0.000 0.000 0.000 0.000 0.000 0.000 0.000 0.000 0.000 0.000
0.000 0.000 0.000 0.000 0.000 0.000 0.000 0.000 0.000 0.000
652544.000 100.104 172032.000 26.391 14256.000 2.187 464.000 0.071 1536.000 0.236
180608.000 138.878 28672.000 22.047 0.000 0.000 0.000 0.000 256.000 0.197
122624.000 97.149 50176.000 39.752 0.000 0.000 0.000 0.000 512.000 0.406
813568.000 128.039 207872.000 32.715 0.000 0.000 0.000 0.000 1792.000 0.282
162816.000 124.894 28672.000 21.994 0.000 0.000 0.000 0.000 256.000 0.196
148992.000 116.493 57344.000 44.836 0.000 0.000 0.000 0.000 512.000 0.400
155136.000 123.485 28672.000 22.822 0.000 0.000 0.000 0.000 256.000 0.204
0.000 0.000 28672.000 2.449 0.000 0.000 0.000 0.000 256.000 0.022
