27392.000 3.141 0.000 0.000 14752.000 1.691 800.000 0.092 0.000 0.000
226560.000 160.277 0.000 0.000 0.000 0.000 0.000 0.000 0.000 0.000
199168.000 138.743 25088.000 17.477 0.000 0.000 0.000 0.000 256.000 0.178
207488.000 157.692 0.000 0.000 0.000 0.000 0.000 0.000 0.000 0.000
182592.000 136.008 25088.000 18.687 0.000 0.000 0.000 0.000 256.000 0.191
210304.000 158.465 0.000 0.000 0.000 0.000 0.000 0.000 0.000 0.000
181248.000 139.150 25088.000 19.261 0.000 0.000 0.000 0.000 256.000 0.197
203904.000 157.367 0.000 0.000 0.000 0.000 0.000 0.000 0.000 0.000
172608.000 133.183 25088.000 19.358 0.000 0.000 0.000 0.000 256.000 0.198
1288704.000 141.936 100352.000 11.053 0.000 0.000 0.000 0.000 1024.000 0.113
0.000 0.000 0.000 0.000 0.000 0.000 0.000 0.000 0.000 0.000
0.000 0.000 0.000 0.000 0.000 0.000 0.000 0.000 0.000 0.000
0.000 0.000 0.000 0.000 0.000 0.000 0.000 0.000 0.000 0.000
0.000 0.000 0.000 0.000 0.000 0.000 0.000 0.000 0.000 0.000
0.000 0.000 0.000 0.000 0.000 0.000 0.000 0.000 0.000 0.000
0.000 0.000 0.000 0.000 0.000 0.000 0.000 0.000 0.000 0.000
0.000 0.000 0.000 0.000 0.000 0.000 0.000 0.000 0.000 0.000
0.000 0.000 0.000 0.000 0.000 0.000 0.000 0.000 0.000 0.000
0.000 0.000 0.000 0.000 0.000 0.000 0.000 0.000 0.000 0.000
724992.000 112.946 25088.000 3.908 14736.000 2.296 800.000 0.125 256.000 0.040
192576.000 145.044 25088.000 18.896 0.000 0.000 0.000 0.000 256.000 0.193
169920.000 129.660 12544.000 9.572 0.000 0.000 0.000 0.000 256.000 0.195
215232.000 164.758 12544.000 9.602 0.000 0.000 0.000 0.000 0.000 0.000
962880.000 145.354 75264.000 11.362 0.000 0.000 0.000 0.000 768.000 0.116
212032.000 159.943 0.000 0.000 0.000 0.000 0.000 0.000 0.000 0.000
172992.000 133.214 25088.000 19.319 0.000 0.000 0.000 0.000 256.000 0.197
835072.000 127.497 50176.000 7.661 14736.000 2.250 800.000 0.122 512.000 0.078
184448.000 133.978 25088.000 18.223 0.000 0.000 0.000 0.000 256.000 0.186
210624.000 160.704 0.000 0.000 0.000 0.000 0.000 0.000 0.000 0.000
174528.000 133.924 25088.000 19.251 0.000 0.000 0.000 0.000 256.000 0.196
974208.000 149.641 50176.000 7.707 0.000 0.000 0.000 0.000 512.000 0.079
181248.000 136.869 25088.000 18.945 0.000 0.000 0.000 0.000 256.000 0.193
209088.000 160.261 0.000 0.000 0.000 0.000 0.000 0.000 0.000 0.000
176064.000 134.945 25088.000 19.229 0.000 0.000 0.000 0.000 256.000 0.196
203904.000 30.261 75264.000 11.170 1632.000 0.242 16.000 0.002 803072.000 119.181
0.000 0.000 0.000 0.000 0.000 0.000 0.000 0.000 0.000 0.000
0.000 0.000 0.000 0.000 0.000 0.000 0.000 0.000 0.000 0.000
1196864.000 175.076 200704.000 29.359 26272.000 3.843 704.000 0.103 4096.000 0.599
279312.000 206.039 0.000 0.000 2048.000 1.511 0.000 0.000 0.000 0.000
271872.000 205.354 0.000 0.000 2048.000 1.547 0.000 0.000 0.000 0.000
236368.000 178.931 25088.000 18.992 1792.000 1.357 0.000 0.000 4096.000 3.101
1161760.000 205.213 25088.000 4.432 2192.000 0.387 0.000 0.000 4096.000 0.724
281216.000 210.272 0.000 0.000 0.000 0.000 0.000 0.000 0.000 0.000
248768.000 186.757 12544.000 9.417 0.000 0.000 0.000 0.000 4096.000 3.075
270976.000 203.686 12544.000 9.429 0.000 0.000 0.000 0.000 0.000 0.000
1848704.000 244.935 50176.000 6.648 1184.000 0.157 972.000 0.129 8192.000 1.085
0.000 0.000 0.000 0.000 0.000 0.000 0.000 0.000 0.000 0.000
0.000 0.000 0.000 0.000 0.000 0.000 0.000 0.000 0.000 0.000
0.000 0.000 0.000 0.000 0.000 0.000 0.000 0.000 0.000 0.000
0.000 0.000 0.000 0.000 0.000 0.000 0.000 0.000 0.000 0.000
0.000 0.000 0.000 0.000 0.000 0.000 0.000 0.000 0.000 0.000
0.000 0.000 0.000 0.000 0.000 0.000 0.000 0.000 0.000 0.000
0.000 0.000 0.000 0.000 0.000 0.000 0.000 0.000 0.000 0.000
0.000 0.000 0.000 0.000 0.000 0.000 0.000 0.000 0.000 0.000
0.000 0.000 0.000 0.000 0.000 0.000 0.000 0.000 0.000 0.000
0.000 0.000 0.000 0.000 0.000 0.000 0.000 0.000 0.000 0.000
1719264.000 291.765 0.000 0.000 3424.000 0.581 2760.000 0.468 0.000 0.000
449344.000 316.689 0.000 0.000 0.000 0.000 0.000 0.000 0.000 0.000
240864.000 176.381 25088.000 18.372 0.000 0.000 0.000 0.000 2048.000 1.500
0.000 0.000 0.000 0.000 0.000 0.000 0.000 0.000 0.000 0.000
0.000 0.000 8192.000 3.087 5728.000 2.158 36.000 0.014 100352.000 37.816
