49856.000 41.819 12544.000 10.522 1248.000 1.047 128.000 0.107 1024.000 0.859
116416.000 81.779 87808.000 61.682 1488.000 1.045 128.000 0.090 2048.000 1.439
141312.000 98.377 111336.000 77.509 2832.000 1.972 128.000 0.089 2560.000 1.782
221952.000 158.601 14096.000 10.073 1312.000 0.938 1808.000 1.292 0.000 0.000
259328.000 190.516 31360.000 23.039 0.000 0.000 0.000 0.000 640.000 0.470
262592.000 191.363 62720.000 45.707 2544.000 1.854 352.000 0.257 2560.000 1.866
181376.000 129.885 15680.000 11.229 1392.000 0.997 2136.000 1.530 640.000 0.458
265984.000 193.093 0.000 0.000 0.000 0.000 0.000 0.000 0.000 0.000
284864.000 205.619 0.000 0.000 0.000 0.000 0.000 0.000 0.000 0.000
301760.000 197.577 0.000 0.000 0.000 0.000 0.000 0.000 0.000 0.000
264480.000 190.778 0.000 0.000 0.000 0.000 0.000 0.000 0.000 0.000
242144.000 176.472 19600.000 14.284 0.000 0.000 0.000 0.000 1600.000 1.166
78224.000 54.470 19600.000 13.648 4768.000 3.320 776.000 0.540 78400.000 54.593
183328.000 132.067 19600.000 14.120 1440.000 1.037 2140.000 1.542 3200.000 2.305
268352.000 195.689 0.000 0.000 0.000 0.000 0.000 0.000 0.000 0.000
287568.000 208.909 0.000 0.000 0.000 0.000 0.000 0.000 0.000 0.000
289488.000 193.300 0.000 0.000 0.000 0.000 0.000 0.000 0.000 0.000
287056.000 197.414 0.000 0.000 0.000 0.000 0.000 0.000 0.000 0.000
245184.000 178.814 0.000 0.000 0.000 0.000 0.000 0.000 3200.000 2.334
220096.000 157.601 19600.000 14.035 1440.000 1.031 2140.000 1.532 0.000 0.000
260944.000 189.845 0.000 0.000 0.000 0.000 0.000 0.000 0.000 0.000
277952.000 201.100 0.000 0.000 0.000 0.000 0.000 0.000 0.000 0.000
291280.000 211.043 0.000 0.000 0.000 0.000 0.000 0.000 0.000 0.000
287824.000 195.638 0.000 0.000 0.000 0.000 0.000 0.000 0.000 0.000
179888.000 127.438 19600.000 13.885 1440.000 1.020 2140.000 1.516 3200.000 2.267
291920.000 210.087 0.000 0.000 0.000 0.000 0.000 0.000 0.000 0.000
289232.000 199.241 0.000 0.000 0.000 0.000 0.000 0.000 0.000 0.000
263376.000 191.818 0.000 0.000 0.000 0.000 0.000 0.000 0.000 0.000
264768.000 193.724 0.000 0.000 0.000 0.000 0.000 0.000 0.000 0.000
291920.000 211.805 0.000 0.000 0.000 0.000 0.000 0.000 0.000 0.000
175152.000 126.200 19600.000 14.122 1392.000 1.003 2136.000 1.539 3200.000 2.306
291920.000 202.573 0.000 0.000 0.000 0.000 0.000 0.000 0.000 0.000
278480.000 202.621 0.000 0.000 0.000 0.000 0.000 0.000 0.000 0.000
266832.000 193.274 0.000 0.000 0.000 0.000 0.000 0.000 0.000 0.000
272064.000 196.793 0.000 0.000 0.000 0.000 0.000 0.000 0.000 0.000
175152.000 124.982 19600.000 13.986 0.000 0.000 0.000 0.000 1600.000 1.142
0.000 0.000 3600.000 2.433 4496.000 3.038 36.000 0.024 78400.000 52.981
