56192.000 47.482 0.000 0.000 4848.000 4.096 464.000 0.392 0.000 0.000
153728.000 113.788 28672.000 21.223 0.000 0.000 0.000 0.000 384.000 0.284
186368.000 135.886 57344.000 41.811 0.000 0.000 0.000 0.000 384.000 0.280
139264.000 108.031 38216.000 29.645 0.000 0.000 0.000 0.000 512.000 0.397
173824.000 130.224 47792.000 35.804 0.000 0.000 0.000 0.000 256.000 0.192
36096.000 24.907 28672.000 19.784 0.000 0.000 0.000 0.000 256.000 0.177
169216.000 123.783 28672.000 20.974 4848.000 3.546 464.000 0.339 256.000 0.187
149248.000 115.783 28672.000 22.243 0.000 0.000 0.000 0.000 384.000 0.298
162816.000 126.900 57344.000 44.694 0.000 0.000 0.000 0.000 384.000 0.299
162816.000 120.235 28672.000 21.173 0.000 0.000 0.000 0.000 384.000 0.284
101376.000 69.059 57344.000 39.063 0.000 0.000 0.000 0.000 384.000 0.262
0.000 0.000 1344.000 0.816 13824.000 8.395 36.000 0.022 37504.000 22.775
0.000 0.000 17472.000 12.277 5984.000 4.205 0.000 0.000 416256.000 292.491
0.000 0.000 17920.000 12.925 0.000 0.000 0.000 0.000 424192.000 305.953
16704.000 11.547 13440.000 9.290 1632.000 1.128 800.000 0.553 311936.000 215.623
164544.000 122.147 25088.000 18.624 0.000 0.000 0.000 0.000 512.000 0.380
113280.000 85.225 50176.000 37.749 1424.000 1.071 800.000 0.602 768.000 0.578
67968.000 43.573 28224.000 18.094 480.000 0.308 16.000 0.010 58880.000 37.747
99840.000 72.326 84672.000 61.338 1600.000 1.159 576.000 0.417 143616.000 104.039
124416.000 88.474 12544.000 8.920 736.000 0.523 296.000 0.210 512.000 0.364
