181248.000 151.201 0.000 0.000 15248.000 12.720 800.000 0.667 0.000 0.000
181248.000 129.272 12544.000 8.947 0.000 0.000 0.000 0.000 512.000 0.365
215232.000 162.713 12544.000 9.483 0.000 0.000 0.000 0.000 0.000 0.000
169920.000 130.046 25088.000 19.201 0.000 0.000 0.000 0.000 512.000 0.392
215232.000 157.850 0.000 0.000 0.000 0.000 0.000 0.000 0.000 0.000
176640.000 133.014 25088.000 18.892 0.000 0.000 0.000 0.000 512.000 0.386
208512.000 157.921 0.000 0.000 0.000 0.000 0.000 0.000 0.000 0.000
201088.000 135.869 25088.000 16.951 0.000 0.000 0.000 0.000 512.000 0.346
214464.000 160.889 0.000 0.000 0.000 0.000 0.000 0.000 0.000 0.000
183552.000 133.008 25088.000 18.180 0.000 0.000 0.000 0.000 512.000 0.371
207424.000 156.544 0.000 0.000 0.000 0.000 0.000 0.000 0.000 0.000
175680.000 133.654 25088.000 19.086 0.000 0.000 0.000 0.000 512.000 0.390
207232.000 155.374 0.000 0.000 0.000 0.000 0.000 0.000 0.000 0.000
179712.000 136.605 25088.000 19.070 0.000 0.000 0.000 0.000 512.000 0.389
182656.000 129.083 12544.000 8.865 0.000 0.000 0.000 0.000 512.000 0.362
22656.000 15.302 12544.000 8.472 15248.000 10.299 800.000 0.540 0.000 0.000
222464.000 162.862 0.000 0.000 0.000 0.000 0.000 0.000 0.000 0.000
185344.000 131.830 25088.000 17.844 0.000 0.000 0.000 0.000 512.000 0.364
213312.000 160.741 0.000 0.000 0.000 0.000 0.000 0.000 0.000 0.000
171840.000 131.238 25088.000 19.160 0.000 0.000 0.000 0.000 512.000 0.391
210624.000 158.854 0.000 0.000 0.000 0.000 0.000 0.000 0.000 0.000
188096.000 131.982 25088.000 17.604 0.000 0.000 0.000 0.000 512.000 0.359
219712.000 161.242 0.000 0.000 0.000 0.000 0.000 0.000 0.000 0.000
174528.000 131.480 25088.000 18.900 0.000 0.000 0.000 0.000 512.000 0.386
203904.000 152.595 0.000 0.000 0.000 0.000 0.000 0.000 0.000 0.000
181248.000 137.912 25088.000 19.090 0.000 0.000 0.000 0.000 512.000 0.390
181248.000 130.880 12544.000 9.058 0.000 0.000 0.000 0.000 512.000 0.370
211136.000 161.698 12544.000 9.607 0.000 0.000 0.000 0.000 0.000 0.000
174016.000 131.915 25088.000 19.018 0.000 0.000 0.000 0.000 512.000 0.388
226560.000 158.813 0.000 0.000 0.000 0.000 0.000 0.000 0.000 0.000
113280.000 82.897 25088.000 18.359 0.000 0.000 0.000 0.000 512.000 0.375
79296.000 54.799 0.000 0.000 15248.000 10.537 800.000 0.553 0.000 0.000
215232.000 159.517 0.000 0.000 0.000 0.000 0.000 0.000 0.000 0.000
169920.000 128.113 25088.000 18.915 0.000 0.000 0.000 0.000 512.000 0.386
215232.000 162.687 0.000 0.000 0.000 0.000 0.000 0.000 0.000 0.000
169920.000 128.777 25088.000 19.013 0.000 0.000 0.000 0.000 512.000 0.388
235840.000 163.036 0.000 0.000 0.000 0.000 0.000 0.000 0.000 0.000
171968.000 130.652 25088.000 19.060 0.000 0.000 0.000 0.000 512.000 0.389
192576.000 144.993 0.000 0.000 0.000 0.000 0.000 0.000 256.000 0.193
191680.000 145.511 25088.000 19.045 0.000 0.000 0.000 0.000 256.000 0.194
170688.000 128.771 12544.000 9.463 0.000 0.000 0.000 0.000 512.000 0.386
215232.000 161.324 12544.000 9.402 0.000 0.000 0.000 0.000 0.000 0.000
169920.000 128.960 25088.000 19.040 0.000 0.000 0.000 0.000 512.000 0.389
215232.000 163.515 0.000 0.000 0.000 0.000 0.000 0.000 0.000 0.000
181248.000 129.315 25088.000 17.900 0.000 0.000 0.000 0.000 512.000 0.365
215232.000 162.803 0.000 0.000 0.000 0.000 0.000 0.000 0.000 0.000
90624.000 64.902 25088.000 17.967 0.000 0.000 0.000 0.000 512.000 0.367
120512.000 78.677 0.000 0.000 15248.000 9.955 800.000 0.522 0.000 0.000
217792.000 162.087 0.000 0.000 0.000 0.000 0.000 0.000 0.000 0.000
171456.000 129.476 25088.000 18.945 0.000 0.000 0.000 0.000 512.000 0.387
215232.000 160.577 0.000 0.000 0.000 0.000 0.000 0.000 0.000 0.000
185984.000 131.410 25088.000 17.726 0.000 0.000 0.000 0.000 512.000 0.362
176384.000 132.718 12544.000 9.439 0.000 0.000 0.000 0.000 512.000 0.385
210624.000 159.203 12544.000 9.482 0.000 0.000 0.000 0.000 0.000 0.000
174528.000 131.471 25088.000 18.899 0.000 0.000 0.000 0.000 512.000 0.386
210176.000 158.437 0.000 0.000 0.000 0.000 0.000 0.000 0.000 0.000
174976.000 131.473 25088.000 18.851 0.000 0.000 0.000 0.000 512.000 0.385
215232.000 161.768 0.000 0.000 0.000 0.000 0.000 0.000 0.000 0.000
181248.000 130.859 25088.000 18.113 0.000 0.000 0.000 0.000 512.000 0.370
232384.000 160.297 0.000 0.000 0.000 0.000 0.000 0.000 0.000 0.000
175424.000 132.302 25088.000 18.921 0.000 0.000 0.000 0.000 512.000 0.386
210624.000 159.146 0.000 0.000 0.000 0.000 0.000 0.000 0.000 0.000
27264.000 18.559 25088.000 17.078 0.000 0.000 0.000 0.000 512.000 0.349
283056.000 201.743 25088.000 17.881 7440.000 5.303 128.000 0.091 1024.000 0.730
336960.000 248.819 25088.000 18.526 0.000 0.000 0.000 0.000 1024.000 0.756
337856.000 252.248 25088.000 18.731 0.000 0.000 0.000 0.000 1024.000 0.765
207056.000 138.733 25088.000 16.810 4624.000 3.098 524.000 0.351 1024.000 0.686
320000.000 232.008 50176.000 36.379 0.000 0.000 0.000 0.000 4096.000 2.970
421632.000 307.832 25088.000 18.317 0.000 0.000 0.000 0.000 2048.000 1.495
49408.000 34.826 25088.000 17.684 13840.000 9.755 1476.000 1.040 2048.000 1.444
238080.000 172.150 0.000 0.000 0.000 0.000 0.000 0.000 0.000 0.000
239808.000 175.700 0.000 0.000 0.000 0.000 0.000 0.000 0.000 0.000
238528.000 175.688 0.000 0.000 0.000 0.000 0.000 0.000 0.000 0.000
225024.000 144.009 25088.000 16.056 0.000 0.000 0.000 0.000 1024.000 0.655
244224.000 178.194 0.000 0.000 0.000 0.000 0.000 0.000 0.000 0.000
234816.000 170.946 0.000 0.000 0.000 0.000 0.000 0.000 0.000 0.000
197632.000 145.899 25088.000 18.521 0.000 0.000 0.000 0.000 1024.000 0.756
234688.000 172.301 0.000 0.000 0.000 0.000 0.000 0.000 0.000 0.000
235136.000 173.544 0.000 0.000 0.000 0.000 0.000 0.000 0.000 0.000
234240.000 172.770 0.000 0.000 0.000 0.000 0.000 0.000 0.000 0.000
211680.000 146.521 25088.000 17.365 0.000 0.000 0.000 0.000 1024.000 0.709
241248.000 176.006 0.000 0.000 0.000 0.000 0.000 0.000 0.000 0.000
238784.000 174.932 0.000 0.000 0.000 0.000 0.000 0.000 0.000 0.000
98816.000 69.937 25088.000 17.756 0.000 0.000 0.000 0.000 1024.000 0.725
172928.000 124.208 0.000 0.000 13840.000 9.941 1476.000 1.060 0.000 0.000
234688.000 172.595 0.000 0.000 0.000 0.000 0.000 0.000 0.000 0.000
238464.000 173.824 0.000 0.000 0.000 0.000 0.000 0.000 0.000 0.000
209120.000 144.598 25088.000 17.347 0.000 0.000 0.000 0.000 1024.000 0.708
239136.000 175.352 0.000 0.000 0.000 0.000 0.000 0.000 0.000 0.000
251520.000 176.054 0.000 0.000 0.000 0.000 0.000 0.000 0.000 0.000
235200.000 171.969 0.000 0.000 0.000 0.000 0.000 0.000 0.000 0.000
194944.000 144.689 25088.000 18.621 0.000 0.000 0.000 0.000 1024.000 0.760
237376.000 173.921 0.000 0.000 0.000 0.000 0.000 0.000 0.000 0.000
234688.000 172.590 0.000 0.000 0.000 0.000 0.000 0.000 0.000 0.000
209984.000 145.737 25088.000 17.412 0.000 0.000 0.000 0.000 1024.000 0.711
240768.000 173.953 0.000 0.000 0.000 0.000 0.000 0.000 0.000 0.000
240960.000 177.094 0.000 0.000 0.000 0.000 0.000 0.000 0.000 0.000
222336.000 163.300 0.000 0.000 0.000 0.000 0.000 0.000 0.000 0.000
43392.000 30.445 25088.000 17.603 13840.000 9.711 1476.000 1.036 1024.000 0.718
240704.000 173.603 0.000 0.000 0.000 0.000 0.000 0.000 0.000 0.000
238080.000 174.169 0.000 0.000 0.000 0.000 0.000 0.000 0.000 0.000
243648.000 177.569 0.000 0.000 0.000 0.000 0.000 0.000 0.000 0.000
207808.000 143.670 25088.000 17.345 0.000 0.000 0.000 0.000 1024.000 0.708
237440.000 172.176 0.000 0.000 0.000 0.000 0.000 0.000 0.000 0.000
241856.000 176.718 0.000 0.000 0.000 0.000 0.000 0.000 0.000 0.000
193792.000 141.371 25088.000 18.302 0.000 0.000 0.000 0.000 1024.000 0.747
243136.000 176.494 0.000 0.000 0.000 0.000 0.000 0.000 0.000 0.000
260960.000 172.015 0.000 0.000 0.000 0.000 0.000 0.000 0.000 0.000
220768.000 160.894 0.000 0.000 0.000 0.000 0.000 0.000 512.000 0.373
229952.000 158.974 25088.000 17.344 0.000 0.000 0.000 0.000 512.000 0.354
239424.000 173.774 0.000 0.000 0.000 0.000 0.000 0.000 0.000 0.000
241024.000 175.395 0.000 0.000 0.000 0.000 0.000 0.000 0.000 0.000
113664.000 78.153 25088.000 17.250 704.000 0.484 296.000 0.204 1024.000 0.704
163200.000 115.447 34496.000 24.402 1248.000 0.883 788.000 0.557 53760.000 38.030
386016.000 267.476 0.000 0.000 2656.000 1.840 2088.000 1.447 0.000 0.000
445056.000 310.544 0.000 0.000 0.000 0.000 0.000 0.000 0.000 0.000
471808.000 307.728 0.000 0.000 0.000 0.000 0.000 0.000 0.000 0.000
291120.000 202.073 18816.000 13.061 2656.000 1.844 2088.000 1.449 1536.000 1.066
451952.000 314.822 0.000 0.000 0.000 0.000 0.000 0.000 0.000 0.000
452992.000 315.083 0.000 0.000 0.000 0.000 0.000 0.000 0.000 0.000
298800.000 206.658 18816.000 13.014 2656.000 1.837 2088.000 1.444 1536.000 1.062
450176.000 312.968 0.000 0.000 0.000 0.000 0.000 0.000 0.000 0.000
451328.000 314.922 0.000 0.000 0.000 0.000 0.000 0.000 0.000 0.000
394960.000 258.279 18816.000 12.304 0.000 0.000 0.000 0.000 1536.000 1.004
43392.000 30.275 3136.000 2.188 224.000 0.156 148.000 0.103 256.000 0.179
