430080.000 22.501 401408.000 21.001 5536.000 0.290 112.000 0.006 7168.000 0.375
577024.000 88.715 100352.000 15.429 3280.000 0.504 240.000 0.037 1792.000 0.276
0.000 0.000 25088.000 2.531 5472.000 0.552 16.000 0.002 401408.000 40.490
0.000 0.000 0.000 0.000 0.000 0.000 0.000 0.000 0.000 0.000
0.000 0.000 0.000 0.000 0.000 0.000 0.000 0.000 0.000 0.000
0.000 0.000 0.000 0.000 0.000 0.000 0.000 0.000 0.000 0.000
722112.000 55.712 275968.000 21.291 9120.000 0.704 2192.000 0.169 4352.000 0.336
222592.000 121.280 50176.000 27.339 0.000 0.000 0.000 0.000 512.000 0.279
883584.000 126.718 75264.000 10.794 5984.000 0.858 2944.000 0.422 1280.000 0.184
268608.000 167.255 0.000 0.000 0.000 0.000 0.000 0.000 0.000 0.000
215424.000 160.151 25088.000 18.651 0.000 0.000 0.000 0.000 512.000 0.381
179840.000 98.332 25088.000 13.718 0.000 0.000 0.000 0.000 512.000 0.280
0.000 0.000 0.000 0.000 0.000 0.000 0.000 0.000 0.000 0.000
0.000 0.000 0.000 0.000 0.000 0.000 0.000 0.000 0.000 0.000
2057920.000 188.565 250880.000 22.988 13600.000 1.246 1104.000 0.101 12288.000 1.126
418112.000 280.375 25088.000 16.823 0.000 0.000 0.000 0.000 2048.000 1.373
440320.000 323.394 0.000 0.000 0.000 0.000 0.000 0.000 1024.000 0.752
182528.000 120.418 31360.000 20.689 1280.000 0.844 1656.000 1.092 1280.000 0.844
154560.000 113.662 25088.000 18.450 2192.000 1.612 1472.000 1.082 512.000 0.377
200960.000 151.905 25088.000 18.964 0.000 0.000 0.000 0.000 512.000 0.387
39744.000 27.876 25088.000 17.596 0.000 0.000 0.000 0.000 512.000 0.359
0.000 0.000 12544.000 7.361 2912.000 1.709 36.000 0.021 200704.000 117.781
