63488.000 7.317 28672.000 3.305 6880.000 0.793 176.000 0.020 512.000 0.059
157696.000 116.074 124136.000 91.372 0.000 0.000 0.000 0.000 2560.000 1.884
184320.000 130.806 133904.000 95.027 0.000 0.000 0.000 0.000 2048.000 1.453
110592.000 85.947 114688.000 89.130 0.000 0.000 0.000 0.000 2048.000 1.592
0.000 0.000 0.000 0.000 0.000 0.000 0.000 0.000 0.000 0.000
0.000 0.000 0.000 0.000 0.000 0.000 0.000 0.000 0.000 0.000
0.000 0.000 0.000 0.000 0.000 0.000 0.000 0.000 0.000 0.000
0.000 0.000 0.000 0.000 0.000 0.000 0.000 0.000 0.000 0.000
0.000 0.000 0.000 0.000 0.000 0.000 0.000 0.000 0.000 0.000
0.000 0.000 0.000 0.000 0.000 0.000 0.000 0.000 0.000 0.000
718976.000 103.664 86016.000 12.402 15824.000 2.282 464.000 0.067 1536.000 0.221
174976.000 134.049 28672.000 21.966 0.000 0.000 0.000 0.000 512.000 0.392
162816.000 126.868 14336.000 11.171 0.000 0.000 0.000 0.000 512.000 0.399
868352.000 141.900 100352.000 16.399 0.000 0.000 0.000 0.000 1792.000 0.293
203520.000 157.692 28672.000 22.216 0.000 0.000 0.000 0.000 256.000 0.198
173312.000 135.349 28672.000 22.392 0.000 0.000 0.000 0.000 512.000 0.400
165888.000 130.317 28672.000 22.524 0.000 0.000 0.000 0.000 512.000 0.402
808960.000 113.893 172032.000 24.220 18960.000 2.669 176.000 0.025 3328.000 0.469
238464.000 178.984 114688.000 86.081 0.000 0.000 0.000 0.000 1792.000 1.345
277632.000 213.746 86016.000 66.223 0.000 0.000 0.000 0.000 1536.000 1.183
1141248.000 191.540 458752.000 76.994 0.000 0.000 0.000 0.000 8192.000 1.375
112128.000 85.469 57344.000 43.710 0.000 0.000 0.000 0.000 1024.000 0.781
0.000 0.000 0.000 0.000 0.000 0.000 0.000 0.000 0.000 0.000
0.000 0.000 0.000 0.000 0.000 0.000 0.000 0.000 0.000 0.000
0.000 0.000 0.000 0.000 0.000 0.000 0.000 0.000 0.000 0.000
1012448.000 140.773 28672.000 3.987 12912.000 1.795 5616.000 0.781 1024.000 0.142
368640.000 252.017 0.000 0.000 0.000 0.000 0.000 0.000 0.000 0.000
285984.000 210.963 11928.000 8.799 0.000 0.000 0.000 0.000 1024.000 0.755
1490256.000 249.895 45408.000 7.614 0.000 0.000 0.000 0.000 1024.000 0.172
273200.000 201.092 28672.000 21.104 0.000 0.000 0.000 0.000 1024.000 0.754
356368.000 261.595 0.000 0.000 0.000 0.000 0.000 0.000 0.000 0.000
347904.000 254.778 0.000 0.000 0.000 0.000 0.000 0.000 0.000 0.000
1749888.000 244.232 57344.000 8.004 0.000 0.000 0.000 0.000 2048.000 0.286
21744.000 16.745 28672.000 22.080 0.000 0.000 0.000 0.000 1024.000 0.789
0.000 0.000 0.000 0.000 0.000 0.000 0.000 0.000 0.000 0.000
724992.000 119.614 25088.000 4.139 14480.000 2.389 800.000 0.132 256.000 0.042
192576.000 140.886 25088.000 18.354 0.000 0.000 0.000 0.000 256.000 0.187
172160.000 132.067 24936.000 19.129 0.000 0.000 0.000 0.000 256.000 0.196
214336.000 163.754 144.000 0.110 0.000 0.000 0.000 0.000 0.000 0.000
1039680.000 148.736 75264.000 10.767 0.000 0.000 0.000 0.000 768.000 0.110
193728.000 147.177 0.000 0.000 0.000 0.000 0.000 0.000 128.000 0.097
192576.000 148.965 25088.000 19.407 0.000 0.000 0.000 0.000 128.000 0.099
169920.000 27.154 75264.000 12.027 2912.000 0.465 36.000 0.006 803072.000 128.334
0.000 0.000 0.000 0.000 0.000 0.000 0.000 0.000 0.000 0.000
0.000 0.000 0.000 0.000 0.000 0.000 0.000 0.000 0.000 0.000
0.000 0.000 0.000 0.000 0.000 0.000 0.000 0.000 0.000 0.000
1090288.000 176.610 75264.000 12.192 16448.000 2.664 3856.000 0.625 8192.000 1.327
461760.000 307.705 0.000 0.000 0.000 0.000 0.000 0.000 0.000 0.000
437184.000 314.691 0.000 0.000 0.000 0.000 0.000 0.000 0.000 0.000
437312.000 315.175 0.000 0.000 0.000 0.000 0.000 0.000 0.000 0.000
2326480.000 332.278 0.000 0.000 0.000 0.000 0.000 0.000 0.000 0.000
445376.000 316.910 0.000 0.000 0.000 0.000 0.000 0.000 0.000 0.000
441024.000 317.523 0.000 0.000 0.000 0.000 0.000 0.000 0.000 0.000
1964992.000 318.472 25088.000 4.066 0.000 0.000 0.000 0.000 2048.000 0.332
447552.000 316.028 0.000 0.000 0.000 0.000 0.000 0.000 0.000 0.000
440640.000 315.909 0.000 0.000 0.000 0.000 0.000 0.000 0.000 0.000
443824.000 317.271 0.000 0.000 0.000 0.000 0.000 0.000 0.000 0.000
2056944.000 288.554 25088.000 3.519 13008.000 1.825 2760.000 0.387 2048.000 0.287
441024.000 312.504 0.000 0.000 0.000 0.000 0.000 0.000 0.000 0.000
477136.000 311.310 0.000 0.000 0.000 0.000 0.000 0.000 0.000 0.000
2006992.000 330.957 0.000 0.000 0.000 0.000 0.000 0.000 0.000 0.000
443456.000 316.700 0.000 0.000 0.000 0.000 0.000 0.000 0.000 0.000
440752.000 317.378 0.000 0.000 0.000 0.000 0.000 0.000 0.000 0.000
2269520.000 321.706 25088.000 3.556 0.000 0.000 0.000 0.000 2048.000 0.290
450624.000 315.729 0.000 0.000 0.000 0.000 0.000 0.000 0.000 0.000
438960.000 317.399 0.000 0.000 0.000 0.000 0.000 0.000 0.000 0.000
1988944.000 333.053 0.000 0.000 0.000 0.000 0.000 0.000 0.000 0.000
167232.000 118.190 25088.000 17.731 0.000 0.000 0.000 0.000 2048.000 1.447
0.000 0.000 0.000 0.000 0.000 0.000 0.000 0.000 0.000 0.000
0.000 0.000 0.000 0.000 0.000 0.000 0.000 0.000 0.000 0.000
0.000 0.000 0.000 0.000 0.000 0.000 0.000 0.000 0.000 0.000
138048.000 95.042 0.000 0.000 13008.000 8.956 2760.000 1.900 0.000 0.000
432064.000 308.624 0.000 0.000 0.000 0.000 0.000 0.000 0.000 0.000
468032.000 310.943 0.000 0.000 0.000 0.000 0.000 0.000 0.000 0.000
445120.000 314.802 0.000 0.000 0.000 0.000 0.000 0.000 0.000 0.000
441664.000 315.337 0.000 0.000 0.000 0.000 0.000 0.000 0.000 0.000
446896.000 316.745 0.000 0.000 0.000 0.000 0.000 0.000 0.000 0.000
443968.000 317.349 0.000 0.000 0.000 0.000 0.000 0.000 0.000 0.000
460752.000 309.184 0.000 0.000 0.000 0.000 0.000 0.000 0.000 0.000
444464.000 317.669 0.000 0.000 0.000 0.000 0.000 0.000 0.000 0.000
442304.000 315.945 0.000 0.000 0.000 0.000 0.000 0.000 0.000 0.000
443840.000 315.907 0.000 0.000 0.000 0.000 0.000 0.000 0.000 0.000
356624.000 258.813 25088.000 18.207 0.000 0.000 0.000 0.000 2048.000 1.486
443456.000 317.805 0.000 0.000 0.000 0.000 0.000 0.000 0.000 0.000
439232.000 315.359 0.000 0.000 0.000 0.000 0.000 0.000 0.000 0.000
468288.000 310.192 0.000 0.000 0.000 0.000 0.000 0.000 0.000 0.000
442560.000 316.123 0.000 0.000 0.000 0.000 0.000 0.000 0.000 0.000
440768.000 316.110 0.000 0.000 0.000 0.000 0.000 0.000 0.000 0.000
444688.000 316.229 0.000 0.000 0.000 0.000 0.000 0.000 0.000 0.000
461552.000 313.682 0.000 0.000 0.000 0.000 0.000 0.000 0.000 0.000
445504.000 315.397 0.000 0.000 0.000 0.000 0.000 0.000 0.000 0.000
442672.000 316.111 0.000 0.000 0.000 0.000 0.000 0.000 0.000 0.000
460752.000 310.804 0.000 0.000 0.000 0.000 0.000 0.000 0.000 0.000
256448.000 179.050 25088.000 17.516 1616.000 1.128 972.000 0.679 2048.000 1.430
498048.000 353.208 0.000 0.000 0.000 0.000 0.000 0.000 0.000 0.000
359808.000 261.204 25088.000 18.213 0.000 0.000 0.000 0.000 4096.000 2.974
319616.000 230.766 25088.000 18.114 0.000 0.000 0.000 0.000 4096.000 2.957
432512.000 303.925 0.000 0.000 1616.000 1.136 972.000 0.683 0.000 0.000
362624.000 261.552 25088.000 18.095 0.000 0.000 0.000 0.000 4096.000 2.954
454144.000 307.097 0.000 0.000 0.000 0.000 0.000 0.000 2048.000 1.385
2935424.000 268.476 125440.000 11.473 5280.000 0.483 1940.000 0.177 18432.000 1.686
490240.000 344.982 0.000 0.000 0.000 0.000 0.000 0.000 0.000 0.000
377728.000 280.490 25088.000 18.630 0.000 0.000 0.000 0.000 2048.000 1.521
475648.000 354.649 0.000 0.000 0.000 0.000 0.000 0.000 0.000 0.000
477440.000 356.043 0.000 0.000 0.000 0.000 0.000 0.000 0.000 0.000
240640.000 174.204 25088.000 18.162 0.000 0.000 0.000 0.000 2048.000 1.483
0.000 0.000 13056.000 8.834 6240.000 4.222 16.000 0.011 160384.000 108.522
0.000 0.000 3328.000 2.206 0.000 0.000 0.000 0.000 40320.000 26.732
