101952.000 85.705 0.000 0.000 3744.000 3.147 800.000 0.673 0.000 0.000
169920.000 121.467 25088.000 17.934 0.000 0.000 0.000 0.000 768.000 0.549
176768.000 128.352 50176.000 36.433 0.000 0.000 0.000 0.000 768.000 0.558
94976.000 68.154 25088.000 18.003 0.000 0.000 0.000 0.000 512.000 0.367
325632.000 231.518 50176.000 35.674 11920.000 8.475 352.000 0.250 1280.000 0.910
328192.000 248.962 96232.000 73.000 0.000 0.000 0.000 0.000 1792.000 1.359
377216.000 288.380 79376.000 60.683 0.000 0.000 0.000 0.000 1536.000 1.174
380032.000 294.553 75264.000 58.335 0.000 0.000 0.000 0.000 1792.000 1.389
325632.000 253.132 87808.000 68.258 0.000 0.000 0.000 0.000 1792.000 1.393
0.000 0.000 12544.000 7.433 0.000 0.000 0.000 0.000 0.000 0.000
351872.000 223.483 25088.000 15.934 8592.000 5.457 296.000 0.188 512.000 0.325
446848.000 321.011 37632.000 27.034 0.000 0.000 0.000 0.000 1024.000 0.736
486208.000 352.713 37632.000 27.300 0.000 0.000 0.000 0.000 512.000 0.371
429120.000 316.299 50176.000 36.984 0.000 0.000 0.000 0.000 1024.000 0.755
415872.000 304.450 50176.000 36.733 0.000 0.000 0.000 0.000 1024.000 0.750
122880.000 81.722 0.000 0.000 7984.000 5.310 308.000 0.205 512.000 0.341
245760.000 181.811 71680.000 53.028 0.000 0.000 0.000 0.000 5632.000 4.167
311552.000 207.077 71680.000 47.643 0.000 0.000 0.000 0.000 4096.000 2.722
179968.000 131.188 57344.000 41.801 0.000 0.000 0.000 0.000 4096.000 2.986
136320.000 93.365 28672.000 19.637 7984.000 5.468 308.000 0.211 2048.000 1.403
291200.000 217.053 57344.000 42.743 0.000 0.000 0.000 0.000 4096.000 3.053
283648.000 214.430 57344.000 43.350 0.000 0.000 0.000 0.000 4096.000 3.096
148992.000 106.891 57344.000 41.140 0.000 0.000 0.000 0.000 4096.000 2.939
203008.000 139.332 28672.000 19.679 7312.000 5.018 304.000 0.209 1024.000 0.703
317056.000 218.738 86016.000 59.343 0.000 0.000 0.000 0.000 3072.000 2.119
338560.000 253.533 57344.000 42.942 0.000 0.000 0.000 0.000 2048.000 1.534
1536.000 0.941 28672.000 17.565 0.000 0.000 0.000 0.000 1024.000 0.627
0.000 0.000 2408.000 1.427 2912.000 1.726 36.000 0.021 50176.000 29.733
0.000 0.000 19536.000 13.454 0.000 0.000 0.000 0.000 350976.000 241.716
0.000 0.000 21952.000 15.420 0.000 0.000 0.000 0.000 351488.000 246.894
197120.000 138.643 31360.000 22.057 8608.000 6.054 576.000 0.405 50688.000 35.651
416512.000 287.277 75264.000 51.911 0.000 0.000 0.000 0.000 1536.000 1.059
375296.000 280.442 75264.000 56.241 0.000 0.000 0.000 0.000 1536.000 1.148
76032.000 50.922 25088.000 16.803 0.000 0.000 0.000 0.000 512.000 0.343
150640.000 107.975 0.000 0.000 18176.000 13.028 128.000 0.092 0.000 0.000
279216.000 204.759 0.000 0.000 2048.000 1.502 0.000 0.000 0.000 0.000
294160.000 204.065 0.000 0.000 2048.000 1.421 0.000 0.000 0.000 0.000
236032.000 173.114 25088.000 18.400 2048.000 1.502 0.000 0.000 4096.000 3.004
296928.000 203.924 0.000 0.000 1808.000 1.242 0.000 0.000 0.000 0.000
284320.000 208.655 0.000 0.000 0.000 0.000 0.000 0.000 0.000 0.000
239664.000 175.205 25088.000 18.340 0.000 0.000 0.000 0.000 4096.000 2.994
283808.000 208.862 0.000 0.000 0.000 0.000 0.000 0.000 0.000 0.000
281232.000 208.761 0.000 0.000 0.000 0.000 0.000 0.000 0.000 0.000
265200.000 196.338 0.000 0.000 0.000 0.000 0.000 0.000 2048.000 1.516
255328.000 188.545 25088.000 18.526 0.000 0.000 0.000 0.000 2048.000 1.512
299968.000 206.592 0.000 0.000 0.000 0.000 0.000 0.000 0.000 0.000
285088.000 209.651 0.000 0.000 0.000 0.000 0.000 0.000 0.000 0.000
215104.000 143.513 25088.000 16.738 1184.000 0.790 972.000 0.648 4096.000 2.733
492544.000 353.007 0.000 0.000 0.000 0.000 0.000 0.000 0.000 0.000
491776.000 351.525 0.000 0.000 0.000 0.000 0.000 0.000 0.000 0.000
264448.000 186.247 25088.000 17.669 1616.000 1.138 972.000 0.685 4096.000 2.885
388992.000 272.482 25088.000 17.574 0.000 0.000 0.000 0.000 4096.000 2.869
299776.000 194.933 25088.000 16.314 800.000 0.520 972.000 0.632 4096.000 2.663
375936.000 265.835 25088.000 17.740 0.000 0.000 0.000 0.000 4096.000 2.896
315008.000 218.523 23672.000 16.421 2832.000 1.965 968.000 0.672 2048.000 1.421
404224.000 284.747 26496.000 18.665 0.000 0.000 0.000 0.000 2048.000 1.443
406400.000 284.753 25088.000 17.578 0.000 0.000 0.000 0.000 2048.000 1.435
123648.000 78.147 25088.000 15.856 0.000 0.000 0.000 0.000 2048.000 1.294
0.000 0.000 15872.000 10.792 12384.000 8.420 16.000 0.011 195584.000 132.986
0.000 0.000 16896.000 10.135 0.000 0.000 0.000 0.000 205824.000 123.467
