33280.000 5.862 12544.000 2.210 1504.000 0.265 128.000 0.023 512.000 0.090
33280.000 23.275 37632.000 26.319 0.000 0.000 0.000 0.000 512.000 0.358
0.000 0.000 0.000 0.000 0.000 0.000 0.000 0.000 0.000 0.000
0.000 0.000 0.000 0.000 0.000 0.000 0.000 0.000 0.000 0.000
0.000 0.000 0.000 0.000 0.000 0.000 0.000 0.000 0.000 0.000
0.000 0.000 0.000 0.000 0.000 0.000 0.000 0.000 0.000 0.000
676864.000 100.820 238336.000 35.501 7440.000 1.108 2656.000 0.396 3584.000 0.534
0.000 0.000 12544.000 9.858 0.000 0.000 0.000 0.000 0.000 0.000
0.000 0.000 0.000 0.000 0.000 0.000 0.000 0.000 0.000 0.000
322560.000 52.187 213248.000 34.502 6048.000 0.979 964.000 0.156 203776.000 32.969
0.000 0.000 50176.000 36.465 0.000 0.000 0.000 0.000 200704.000 145.859
0.000 0.000 37632.000 28.689 0.000 0.000 0.000 0.000 100352.000 76.504
0.000 0.000 0.000 0.000 0.000 0.000 0.000 0.000 0.000 0.000
948288.000 150.623 109760.000 17.434 5680.000 0.902 4308.000 0.684 7680.000 1.220
276416.000 199.596 0.000 0.000 0.000 0.000 0.000 0.000 0.000 0.000
270208.000 197.483 0.000 0.000 0.000 0.000 0.000 0.000 0.000 0.000
283328.000 205.178 0.000 0.000 0.000 0.000 0.000 0.000 0.000 0.000
1332512.000 183.905 58800.000 8.115 1920.000 0.265 3612.000 0.499 6400.000 0.883
291920.000 211.611 0.000 0.000 0.000 0.000 0.000 0.000 0.000 0.000
267728.000 195.316 0.000 0.000 0.000 0.000 0.000 0.000 0.000 0.000
1171648.000 192.380 19600.000 3.218 1392.000 0.229 2136.000 0.351 3200.000 0.525
264272.000 191.931 0.000 0.000 0.000 0.000 0.000 0.000 0.000 0.000
281408.000 204.246 0.000 0.000 0.000 0.000 0.000 0.000 0.000 0.000
175152.000 129.267 19600.000 14.465 0.000 0.000 0.000 0.000 1600.000 1.181
0.000 0.000 6400.000 2.553 4496.000 1.794 36.000 0.014 78400.000 31.277
