535552.000 92.074 114688.000 19.717 5296.000 0.911 464.000 0.080 2176.000 0.374
159232.000 114.408 57344.000 41.202 0.000 0.000 0.000 0.000 896.000 0.644
50688.000 40.253 28672.000 22.769 0.000 0.000 0.000 0.000 512.000 0.407
0.000 0.000 0.000 0.000 0.000 0.000 0.000 0.000 0.000 0.000
521984.000 85.677 114688.000 18.825 5296.000 0.869 464.000 0.076 2048.000 0.336
147456.000 102.143 57344.000 39.722 0.000 0.000 0.000 0.000 1024.000 0.709
76032.000 58.468 28672.000 22.048 0.000 0.000 0.000 0.000 512.000 0.394
0.000 0.000 0.000 0.000 0.000 0.000 0.000 0.000 0.000 0.000
535552.000 87.625 114688.000 18.765 5296.000 0.867 464.000 0.076 2048.000 0.335
159232.000 110.419 57344.000 39.765 0.000 0.000 0.000 0.000 1024.000 0.710
50688.000 39.833 28672.000 22.532 0.000 0.000 0.000 0.000 512.000 0.402
0.000 0.000 0.000 0.000 0.000 0.000 0.000 0.000 0.000 0.000
579840.000 94.494 143360.000 23.363 4624.000 0.754 464.000 0.076 1280.000 0.209
165632.000 123.796 28672.000 21.430 0.000 0.000 0.000 0.000 384.000 0.287
0.000 0.000 28672.000 22.900 0.000 0.000 0.000 0.000 128.000 0.102
0.000 0.000 0.000 0.000 0.000 0.000 0.000 0.000 0.000 0.000
156448.000 22.127 81536.000 11.532 12272.000 1.736 208.000 0.029 805696.000 113.955
0.000 0.000 19600.000 13.703 0.000 0.000 0.000 0.000 0.000 0.000
0.000 0.000 0.000 0.000 0.000 0.000 0.000 0.000 0.000 0.000
0.000 0.000 0.000 0.000 0.000 0.000 0.000 0.000 0.000 0.000
966224.000 155.303 58800.000 9.451 6480.000 1.042 3656.000 0.588 84800.000 13.630
269072.000 193.213 0.000 0.000 0.000 0.000 0.000 0.000 0.000 0.000
291584.000 213.732 0.000 0.000 0.000 0.000 0.000 0.000 0.000 0.000
1212240.000 191.832 19600.000 3.102 1392.000 0.220 2136.000 0.338 3200.000 0.506
272592.000 193.217 0.000 0.000 0.000 0.000 0.000 0.000 0.000 0.000
266688.000 193.634 0.000 0.000 0.000 0.000 0.000 0.000 0.000 0.000
0.000 0.000 19600.000 14.493 0.000 0.000 0.000 0.000 1600.000 1.183
