189056	19.752	28672	2.996	7776	0.812	304	0.032	2048	0.214	B-CB
302464	202.819	71680	48.065	0	0	0	0	6144	4.12	L-CB
268800	210.054	71680	56.014	0	0	0	0	4096	3.201	L-CB
99840	75.427	28672	21.661	0	0	0	0	2048	1.547	E-CB
0	0	0	0	0	0	0	0	0	0
0	0	0	0	0	0	0	0	0	0
0	0	0	0	0	0	0	0	0	0
0	0	0	0	0	0	0	0	0	0
0	0	0	0	0	0	0	0	0	0	B-CB
1105920	159.855	230312	33.29	15520	2.243	616	0.089	17920	2.59	EB-CB
261888	204.112	85072	66.304	0	0	0	0	4608	3.591	L-CB
289024	229.692	57344	45.572	0	0	0	0	4096	3.255	L-CB
1044480	180.411	129024	22.286	7440	1.285	128	0.022	6144	1.061	EB-CR
0	0	0	0	0	0	0	0	0	0	E-CR
0	0	0	0	0	0	0	0	0	0	N-CR
0	0	0	0	0	0	0	0	0	0	N-CR
0	0	0	0	0	0	0	0	0	0	N-CR
870400	140.568	50176	8.103	6864	1.109	128	0.021	4096	0.661	BE-CR
0	0	0	0	0	0	0	0	0	0	N-CR
0	0	0	0	0	0	0	0	0	0	N-CR
0	0	0	0	0	0	0	0	0	0	N-CR
624640	138.591	29696	6.589	6464	1.434	1004	0.223	102400	22.72	BE-P
