488512.000 43.400 28736.000 2.553 331520.000 29.453 12.000 0.001 114944.000 10.212
81328.000 57.599 4784.000 3.388 52736.000 37.349 0.000 0.000 19136.000 13.553
75760.000 57.874 4448.000 3.398 48896.000 37.352 0.000 0.000 17792.000 13.591
75200.000 58.016 4416.000 3.407 48640.000 37.525 0.000 0.000 17664.000 13.628
78608.000 57.656 4624.000 3.392 50944.000 37.365 0.000 0.000 18560.000 13.613
77664.000 57.846 4576.000 3.408 50176.000 37.373 0.000 0.000 18240.000 13.586
76832.000 57.752 4528.000 3.404 49664.000 37.331 0.000 0.000 18112.000 13.614
678096.000 57.977 39872.000 3.409 438784.000 37.516 0.000 0.000 159552.000 13.642
80512.000 57.886 4736.000 3.405 51968.000 37.363 0.000 0.000 18880.000 13.574
81072.000 57.492 4784.000 3.393 52736.000 37.397 0.000 0.000 19136.000 13.570
76704.000 57.850 4512.000 3.403 49664.000 37.456 0.000 0.000 18048.000 13.612
76704.000 57.640 4512.000 3.391 49664.000 37.321 0.000 0.000 18048.000 13.562
75328.000 57.910 4432.000 3.407 48640.000 37.393 0.000 0.000 17728.000 13.629
75888.000 57.948 4448.000 3.396 48896.000 37.337 0.000 0.000 17792.000 13.586
75888.000 57.949 4464.000 3.409 49152.000 37.533 0.000 0.000 17856.000 13.635
656336.000 57.968 38608.000 3.410 424704.000 37.510 0.000 0.000 154432.000 13.639
77792.000 57.584 4576.000 3.387 50432.000 37.331 0.000 0.000 18368.000 13.596
79696.000 57.924 4688.000 3.407 51456.000 37.399 0.000 0.000 18752.000 13.629
77520.000 57.669 4560.000 3.392 50176.000 37.327 0.000 0.000 18176.000 13.522
76976.000 57.778 4528.000 3.399 49920.000 37.470 0.000 0.000 18176.000 13.643
76704.000 57.927 4512.000 3.407 49408.000 37.313 0.000 0.000 17984.000 13.582
72080.000 54.630 4256.000 3.226 31520.000 23.889 0.000 0.000 17024.000 12.903
0.000 0.000 0.000 0.000 0.000 0.000 0.000 0.000 0.000 0.000
0.000 0.000 0.000 0.000 0.000 0.000 0.000 0.000 0.000 0.000
0.000 0.000 0.000 0.000 0.000 0.000 0.000 0.000 0.000 0.000
0.000 0.000 0.000 0.000 0.000 0.000 0.000 0.000 0.000 0.000
0.000 0.000 0.000 0.000 0.000 0.000 0.000 0.000 0.000 0.000
0.000 0.000 0.000 0.000 0.000 0.000 0.000 0.000 0.000 0.000
0.000 0.000 0.000 0.000 0.000 0.000 0.000 0.000 0.000 0.000
0.000 0.000 0.000 0.000 0.000 0.000 0.000 0.000 0.000 0.000
45152.000 28.428 656.000 0.413 33792.000 21.276 12.000 0.008 2624.000 1.652
134368.000 99.208 1984.000 1.465 39680.000 29.297 0.000 0.000 7936.000 5.859
131120.000 99.712 1920.000 1.460 38400.000 29.202 0.000 0.000 7680.000 5.840
131632.000 99.286 1936.000 1.460 38656.000 29.157 0.000 0.000 7744.000 5.841
130288.000 99.690 1920.000 1.469 38400.000 29.382 0.000 0.000 7680.000 5.876
130016.000 99.895 1904.000 1.463 38144.000 29.307 0.000 0.000 7616.000 5.852
1184016.000 99.931 17408.000 1.469 348416.000 29.406 0.000 0.000 69696.000 5.882
133280.000 99.968 1968.000 1.476 39168.000 29.378 0.000 0.000 7808.000 5.856
132880.000 99.248 1952.000 1.458 39168.000 29.255 0.000 0.000 7808.000 5.832
131776.000 99.898 1936.000 1.468 38656.000 29.305 0.000 0.000 7744.000 5.871
130288.000 99.863 1920.000 1.472 38400.000 29.433 0.000 0.000 7680.000 5.887
132176.000 99.763 1936.000 1.461 38656.000 29.177 0.000 0.000 7744.000 5.845
130560.000 99.795 1936.000 1.480 38656.000 29.547 0.000 0.000 7744.000 5.919
1284672.000 112.877 148576.000 13.055 174320.000 15.317 3964.000 0.348 310720.000 27.301
451536.000 298.370 0.000 0.000 0.000 0.000 0.000 0.000 0.000 0.000
443472.000 308.954 0.000 0.000 0.000 0.000 0.000 0.000 0.000 0.000
391200.000 276.238 14112.000 9.965 0.000 0.000 0.000 0.000 2304.000 1.627
450384.000 299.153 0.000 0.000 0.000 0.000 0.000 0.000 0.000 0.000
436032.000 293.933 0.000 0.000 0.000 0.000 0.000 0.000 0.000 0.000
436560.000 302.939 0.000 0.000 0.000 0.000 0.000 0.000 0.000 0.000
2691792.000 280.706 28224.000 2.943 7568.000 0.789 1584.000 0.165 3456.000 0.360
457424.000 290.934 0.000 0.000 0.000 0.000 0.000 0.000 0.000 0.000
97728.000 69.555 14112.000 10.044 0.000 0.000 0.000 0.000 1152.000 0.820
