243840.000 202.281 50176.000 41.624 10912.000 9.052 352.000 0.292 512.000 0.425
407424.000 299.676 87808.000 64.586 0.000 0.000 0.000 0.000 1024.000 0.753
413056.000 314.171 87808.000 66.787 0.000 0.000 0.000 0.000 768.000 0.584
357888.000 277.231 100352.000 77.736 0.000 0.000 0.000 0.000 1024.000 0.793
314496.000 229.380 75264.000 54.894 0.000 0.000 0.000 0.000 768.000 0.560
0.000 0.000 0.000 0.000 0.000 0.000 0.000 0.000 0.000 0.000
366144.000 244.472 0.000 0.000 13840.000 9.241 1420.000 0.948 0.000 0.000
440768.000 311.292 0.000 0.000 0.000 0.000 0.000 0.000 0.000 0.000
441280.000 315.915 0.000 0.000 0.000 0.000 0.000 0.000 0.000 0.000
380928.000 257.947 25088.000 16.988 0.000 0.000 0.000 0.000 2048.000 1.387
445184.000 316.810 0.000 0.000 0.000 0.000 0.000 0.000 0.000 0.000
444992.000 318.819 0.000 0.000 0.000 0.000 0.000 0.000 0.000 0.000
443712.000 318.256 0.000 0.000 0.000 0.000 0.000 0.000 0.000 0.000
365824.000 250.824 25088.000 17.201 0.000 0.000 0.000 0.000 2048.000 1.404
444352.000 316.438 0.000 0.000 0.000 0.000 0.000 0.000 0.000 0.000
442560.000 318.498 0.000 0.000 0.000 0.000 0.000 0.000 0.000 0.000
443008.000 318.402 0.000 0.000 0.000 0.000 0.000 0.000 0.000 0.000
367360.000 256.725 25088.000 17.532 0.000 0.000 0.000 0.000 2048.000 1.431
444096.000 316.924 0.000 0.000 0.000 0.000 0.000 0.000 0.000 0.000
446016.000 318.745 0.000 0.000 0.000 0.000 0.000 0.000 0.000 0.000
459840.000 314.055 0.000 0.000 0.000 0.000 0.000 0.000 0.000 0.000
145280.000 99.373 25088.000 17.160 800.000 0.547 580.000 0.397 2048.000 1.401
198336.000 141.491 28224.000 20.135 3600.000 2.568 1136.000 0.810 2304.000 1.644
230080.000 167.528 18816.000 13.701 0.000 0.000 0.000 0.000 384.000 0.280
222080.000 162.671 18816.000 13.782 0.000 0.000 0.000 0.000 384.000 0.281
0.000 0.000 29008.000 19.792 3264.000 2.227 36.000 0.025 176000.000 120.082
309104.000 201.288 3920.000 2.553 2112.000 1.375 1588.000 1.034 50176.000 32.675
458192.000 297.494 0.000 0.000 0.000 0.000 0.000 0.000 0.000 0.000
327920.000 225.152 14112.000 9.689 2112.000 1.450 1588.000 1.090 2304.000 1.582
453200.000 311.570 0.000 0.000 0.000 0.000 0.000 0.000 0.000 0.000
324496.000 222.799 14112.000 9.689 2048.000 1.406 1584.000 1.088 2304.000 1.582
451248.000 310.117 0.000 0.000 0.000 0.000 0.000 0.000 0.000 0.000
59104.000 41.298 30576.000 21.365 4128.000 2.884 904.000 0.632 57984.000 40.516
28832.000 19.985 7424.000 5.146 1504.000 1.042 36.000 0.025 25600.000 17.744
