255408.000 37.049 15008.000 2.177 180480.000 26.180 12.000 0.002 60032.000 8.708
79696.000 57.754 4688.000 3.397 51712.000 37.475 0.000 0.000 18816.000 13.636
73440.000 57.844 4320.000 3.403 47616.000 37.504 0.000 0.000 17280.000 13.610
345712.000 58.017 20336.000 3.413 223488.000 37.505 0.000 0.000 81280.000 13.640
73984.000 57.872 4352.000 3.404 48128.000 37.647 0.000 0.000 17472.000 13.667
73712.000 58.103 4336.000 3.418 47616.000 37.533 0.000 0.000 17280.000 13.621
72896.000 57.881 4304.000 3.417 47104.000 37.401 0.000 0.000 17216.000 13.670
397936.000 58.041 23408.000 3.414 257536.000 37.563 0.000 0.000 93632.000 13.657
74800.000 58.091 4384.000 3.405 48384.000 37.576 0.000 0.000 17536.000 13.619
76304.000 57.882 4496.000 3.411 49408.000 37.480 0.000 0.000 17984.000 13.642
73024.000 58.057 4288.000 3.409 47104.000 37.450 0.000 0.000 17152.000 13.637
78064.000 57.945 4592.000 3.409 50688.000 37.624 0.000 0.000 18368.000 13.634
73712.000 58.090 4336.000 3.417 47616.000 37.525 0.000 0.000 17344.000 13.668
72640.000 57.797 4288.000 3.412 47104.000 37.479 0.000 0.000 17152.000 13.647
73424.000 58.194 4304.000 3.411 47360.000 37.536 0.000 0.000 17216.000 13.645
73168.000 58.044 4304.000 3.414 47360.000 37.570 0.000 0.000 17216.000 13.657
73184.000 57.822 4320.000 3.413 47616.000 37.621 0.000 0.000 17280.000 13.653
76688.000 58.061 4496.000 3.404 49408.000 37.407 0.000 0.000 18048.000 13.664
76432.000 58.055 4496.000 3.415 49408.000 37.528 0.000 0.000 17984.000 13.660
73856.000 58.005 4352.000 3.418 47872.000 37.597 0.000 0.000 17344.000 13.622
73024.000 58.031 4288.000 3.408 47104.000 37.433 0.000 0.000 17152.000 13.630
73168.000 58.031 4304.000 3.414 47360.000 37.562 0.000 0.000 17216.000 13.654
73440.000 58.073 4320.000 3.416 47616.000 37.653 0.000 0.000 17280.000 13.664
73184.000 57.880 4320.000 3.417 47360.000 37.457 0.000 0.000 17280.000 13.667
73152.000 58.125 4304.000 3.420 47360.000 37.631 0.000 0.000 17216.000 13.679
73440.000 58.043 4320.000 3.414 47616.000 37.633 0.000 0.000 17280.000 13.657
81328.000 57.966 4768.000 3.398 52480.000 37.404 0.000 0.000 19136.000 13.639
73712.000 57.994 4352.000 3.424 47872.000 37.664 0.000 0.000 17344.000 13.646
73440.000 58.007 4320.000 3.412 47360.000 37.408 0.000 0.000 17280.000 13.649
73168.000 58.097 4304.000 3.417 47360.000 37.605 0.000 0.000 17216.000 13.670
73312.000 58.103 4304.000 3.411 47360.000 37.535 0.000 0.000 17216.000 13.644
73296.000 57.987 4304.000 3.405 47360.000 37.468 0.000 0.000 17280.000 13.671
73168.000 58.046 4304.000 3.414 47360.000 37.572 0.000 0.000 17152.000 13.607
62288.000 47.843 3680.000 2.827 25136.000 19.307 0.000 0.000 14720.000 11.306
0.000 0.000 896.000 0.513 13568.000 7.764 36.000 0.021 17600.000 10.071
0.000 0.000 17472.000 12.436 6256.000 4.453 0.000 0.000 412480.000 293.593
0.000 0.000 19264.000 13.053 0.000 0.000 0.000 0.000 442880.000 300.097
35328.000 24.660 12544.000 8.756 3104.000 2.167 128.000 0.089 281920.000 196.785
105984.000 80.082 109760.000 82.935 0.000 0.000 0.000 0.000 4800.000 3.627
215808.000 152.943 15680.000 11.112 1312.000 0.930 1808.000 1.281 0.000 0.000
265344.000 194.817 31360.000 23.025 0.000 0.000 0.000 0.000 640.000 0.470
179392.000 124.308 31360.000 21.731 2176.000 1.508 2500.000 1.732 1280.000 0.887
202048.000 149.911 0.000 0.000 0.000 0.000 0.000 0.000 320.000 0.237
166912.000 122.411 31360.000 22.999 1280.000 0.939 1808.000 1.326 320.000 0.235
128000.000 94.804 31360.000 23.227 1280.000 0.948 1808.000 1.339 640.000 0.474
232704.000 171.477 0.000 0.000 0.000 0.000 0.000 0.000 0.000 0.000
137728.000 101.917 31360.000 23.206 1280.000 0.947 1808.000 1.338 640.000 0.474
214016.000 152.800 0.000 0.000 0.000 0.000 0.000 0.000 320.000 0.228
0.000 0.000 62720.000 42.368 1856.000 1.254 36.000 0.024 125760.000 84.953
284800.000 211.184 62720.000 46.508 2560.000 1.898 352.000 0.261 2560.000 1.898
0.000 0.000 22736.000 15.379 4496.000 3.041 36.000 0.024 116608.000 78.876
142096.000 99.592 12544.000 8.792 240.000 0.168 736.000 0.516 197632.000 138.516
37504.000 27.109 26000.000 18.793 4496.000 3.250 36.000 0.026 80000.000 57.826
