36864.000 31.596 14336.000 12.287 3968.000 3.401 176.000 0.151 1024.000 0.878
147456.000 109.168 100352.000 74.295 0.000 0.000 0.000 0.000 3584.000 2.653
73728.000 55.069 86016.000 64.247 0.000 0.000 0.000 0.000 2560.000 1.912
110592.000 74.707 57344.000 38.737 3952.000 2.670 176.000 0.119 2304.000 1.556
135168.000 100.564 114688.000 85.327 0.000 0.000 0.000 0.000 3840.000 2.857
49152.000 33.971 28672.000 19.816 3280.000 2.267 176.000 0.122 1280.000 0.885
184320.000 139.566 143360.000 108.551 0.000 0.000 0.000 0.000 2304.000 1.745
36864.000 25.954 57344.000 40.373 0.000 0.000 0.000 0.000 1024.000 0.721
0.000 0.000 0.000 0.000 0.000 0.000 0.000 0.000 0.000 0.000
0.000 0.000 15232.000 8.230 16128.000 8.715 36.000 0.019 182784.000 98.765
0.000 0.000 34048.000 25.127 6912.000 5.101 0.000 0.000 412160.000 304.168
0.000 0.000 34048.000 25.454 6656.000 4.976 0.000 0.000 404992.000 302.766
0.000 0.000 34944.000 26.483 6656.000 5.044 0.000 0.000 403200.000 305.570
0.000 0.000 34048.000 25.788 3168.000 2.399 0.000 0.000 410240.000 310.717
0.000 0.000 34944.000 26.453 0.000 0.000 0.000 0.000 408576.000 309.300
0.000 0.000 13440.000 9.203 0.000 0.000 0.000 0.000 157696.000 107.981
155648.000 113.362 28672.000 20.882 5312.000 3.869 464.000 0.338 512.000 0.373
162816.000 112.430 30184.000 20.843 0.000 0.000 0.000 0.000 896.000 0.619
162816.000 126.988 55824.000 43.540 0.000 0.000 0.000 0.000 640.000 0.499
162816.000 127.885 28672.000 22.521 0.000 0.000 0.000 0.000 512.000 0.402
101376.000 80.101 57344.000 45.309 0.000 0.000 0.000 0.000 1024.000 0.809
76032.000 52.607 0.000 0.000 5296.000 3.664 464.000 0.321 0.000 0.000
133888.000 102.874 35048.000 26.930 0.000 0.000 0.000 0.000 896.000 0.688
162816.000 127.613 50960.000 39.942 0.000 0.000 0.000 0.000 640.000 0.502
162816.000 117.491 28672.000 20.690 0.000 0.000 0.000 0.000 768.000 0.554
146560.000 114.556 57344.000 44.822 0.000 0.000 0.000 0.000 768.000 0.600
63360.000 43.443 28672.000 19.659 0.000 0.000 0.000 0.000 512.000 0.351
131840.000 95.348 86016.000 62.207 6864.000 4.964 176.000 0.127 1536.000 1.111
163072.000 125.988 114688.000 88.607 0.000 0.000 0.000 0.000 2304.000 1.780
147456.000 115.634 129024.000 101.179 0.000 0.000 0.000 0.000 2304.000 1.807
73728.000 52.891 71680.000 51.421 0.000 0.000 0.000 0.000 1024.000 0.735
0.000 0.000 0.000 0.000 0.000 0.000 0.000 0.000 0.000 0.000
202752.000 148.323 0.000 0.000 15824.000 11.576 464.000 0.339 0.000 0.000
177408.000 135.871 28672.000 21.959 0.000 0.000 0.000 0.000 512.000 0.392
167296.000 128.997 28672.000 22.108 0.000 0.000 0.000 0.000 512.000 0.395
170112.000 132.442 28672.000 22.323 0.000 0.000 0.000 0.000 512.000 0.399
189952.000 137.202 28672.000 20.710 0.000 0.000 0.000 0.000 512.000 0.370
174080.000 134.849 28672.000 22.210 0.000 0.000 0.000 0.000 512.000 0.397
192256.000 151.193 0.000 0.000 0.000 0.000 0.000 0.000 128.000 0.101
203520.000 147.517 28672.000 20.782 0.000 0.000 0.000 0.000 384.000 0.278
175488.000 136.473 28672.000 22.298 0.000 0.000 0.000 0.000 512.000 0.398
163712.000 127.989 28672.000 22.416 0.000 0.000 0.000 0.000 512.000 0.400
174080.000 135.884 28672.000 22.381 0.000 0.000 0.000 0.000 512.000 0.400
156672.000 123.413 28672.000 22.585 0.000 0.000 0.000 0.000 512.000 0.403
211968.000 164.771 0.000 0.000 0.000 0.000 0.000 0.000 0.000 0.000
177792.000 139.901 28672.000 22.561 0.000 0.000 0.000 0.000 512.000 0.403
166016.000 129.449 28672.000 22.357 0.000 0.000 0.000 0.000 512.000 0.399
177408.000 125.423 28672.000 20.270 0.000 0.000 0.000 0.000 512.000 0.362
1144576.000 105.890 143360.000 13.263 15824.000 1.464 464.000 0.043 2560.000 0.237
189952.000 139.343 28672.000 21.033 0.000 0.000 0.000 0.000 512.000 0.376
162816.000 127.275 28672.000 22.413 0.000 0.000 0.000 0.000 512.000 0.400
176384.000 137.901 28672.000 22.416 0.000 0.000 0.000 0.000 512.000 0.400
162816.000 128.905 28672.000 22.700 0.000 0.000 0.000 0.000 512.000 0.405
189952.000 148.310 0.000 0.000 0.000 0.000 0.000 0.000 256.000 0.200
189952.000 150.597 28672.000 22.732 0.000 0.000 0.000 0.000 256.000 0.203
189952.000 138.364 28672.000 20.885 0.000 0.000 0.000 0.000 512.000 0.373
162816.000 128.026 28672.000 22.545 0.000 0.000 0.000 0.000 512.000 0.403
164992.000 130.817 28672.000 22.733 0.000 0.000 0.000 0.000 512.000 0.406
149504.000 117.708 26184.000 20.615 0.000 0.000 0.000 0.000 512.000 0.403
199424.000 152.805 2480.000 1.900 0.000 0.000 0.000 0.000 0.000 0.000
0.000 0.000 28672.000 19.579 0.000 0.000 0.000 0.000 512.000 0.350
63360.000 43.297 0.000 0.000 15824.000 10.813 464.000 0.317 0.000 0.000
190080.000 129.893 28672.000 19.593 0.000 0.000 0.000 0.000 512.000 0.350
152064.000 117.063 14336.000 11.036 0.000 0.000 0.000 0.000 512.000 0.394
217088.000 168.330 14336.000 11.116 0.000 0.000 0.000 0.000 0.000 0.000
176384.000 139.421 28672.000 22.663 0.000 0.000 0.000 0.000 512.000 0.405
162816.000 128.210 28672.000 22.578 0.000 0.000 0.000 0.000 512.000 0.403
173568.000 136.864 28672.000 22.609 0.000 0.000 0.000 0.000 512.000 0.404
165632.000 131.951 28672.000 22.842 0.000 0.000 0.000 0.000 512.000 0.408
189952.000 148.785 0.000 0.000 0.000 0.000 0.000 0.000 128.000 0.100
217088.000 138.435 28672.000 18.284 0.000 0.000 0.000 0.000 640.000 0.408
189952.000 147.666 28672.000 22.289 0.000 0.000 0.000 0.000 256.000 0.199
173696.000 136.764 28672.000 22.576 0.000 0.000 0.000 0.000 512.000 0.403
179456.000 129.987 28672.000 20.768 0.000 0.000 0.000 0.000 512.000 0.371
176000.000 137.211 28672.000 22.353 0.000 0.000 0.000 0.000 512.000 0.399
157568.000 124.952 28672.000 22.737 0.000 0.000 0.000 0.000 512.000 0.406
194432.000 152.617 0.000 0.000 0.000 0.000 0.000 0.000 0.000 0.000
182784.000 134.549 28672.000 21.106 0.000 0.000 0.000 0.000 512.000 0.377
19968.000 13.845 28672.000 19.880 0.000 0.000 0.000 0.000 512.000 0.355
97792.000 65.408 0.000 0.000 8592.000 5.747 408.000 0.273 0.000 0.000
433792.000 319.665 12544.000 9.244 0.000 0.000 0.000 0.000 256.000 0.189
426752.000 321.502 25088.000 18.901 0.000 0.000 0.000 0.000 512.000 0.386
417536.000 309.600 12544.000 9.301 0.000 0.000 0.000 0.000 256.000 0.190
418176.000 314.631 25088.000 18.876 0.000 0.000 0.000 0.000 512.000 0.385
487296.000 367.832 12544.000 9.469 0.000 0.000 0.000 0.000 256.000 0.193
178256.000 116.159 37632.000 24.523 2192.000 1.428 128.000 0.083 1280.000 0.834
260528.000 193.302 50176.000 37.229 2832.000 2.101 576.000 0.427 1536.000 1.140
338944.000 258.669 75264.000 57.439 0.000 0.000 0.000 0.000 1536.000 1.172
215040.000 154.579 21952.000 15.780 736.000 0.529 464.000 0.334 896.000 0.644
0.000 0.000 5488.000 3.745 1328.000 0.906 36.000 0.025 87808.000 59.928
