299136.000 43.865 50176.000 7.358 2720.000 0.399 128.000 0.019 1280.000 0.188
99712.000 74.532 50176.000 37.505 0.000 0.000 0.000 0.000 768.000 0.574
0.000 0.000 0.000 0.000 0.000 0.000 0.000 0.000 0.000 0.000
0.000 0.000 0.000 0.000 0.000 0.000 0.000 0.000 0.000 0.000
0.000 0.000 0.000 0.000 0.000 0.000 0.000 0.000 0.000 0.000
0.000 0.000 0.000 0.000 0.000 0.000 0.000 0.000 0.000 0.000
0.000 0.000 0.000 0.000 0.000 0.000 0.000 0.000 0.000 0.000
0.000 0.000 0.000 0.000 0.000 0.000 0.000 0.000 0.000 0.000
0.000 0.000 0.000 0.000 0.000 0.000 0.000 0.000 0.000 0.000
0.000 0.000 0.000 0.000 0.000 0.000 0.000 0.000 0.000 0.000
0.000 0.000 0.000 0.000 0.000 0.000 0.000 0.000 0.000 0.000
395264.000 60.365 75264.000 11.494 3904.000 0.596 1512.000 0.231 403456.000 61.617
0.000 0.000 0.000 0.000 0.000 0.000 0.000 0.000 0.000 0.000
0.000 0.000 0.000 0.000 0.000 0.000 0.000 0.000 0.000 0.000
0.000 0.000 0.000 0.000 0.000 0.000 0.000 0.000 0.000 0.000
1426832.000 235.511 25088.000 4.141 5344.000 0.882 2888.000 0.477 4096.000 0.676
447280.000 316.741 0.000 0.000 0.000 0.000 0.000 0.000 0.000 0.000
462416.000 314.190 0.000 0.000 0.000 0.000 0.000 0.000 0.000 0.000
290544.000 212.397 25088.000 18.340 0.000 0.000 0.000 0.000 2048.000 1.497
1775616.000 299.756 0.000 0.000 3424.000 0.578 2760.000 0.466 0.000 0.000
444720.000 318.373 0.000 0.000 0.000 0.000 0.000 0.000 0.000 0.000
189136.000 141.809 25088.000 18.810 0.000 0.000 0.000 0.000 2048.000 1.536
0.000 0.000 0.000 0.000 0.000 0.000 0.000 0.000 0.000 0.000
1740400.000 294.298 0.000 0.000 3424.000 0.579 2760.000 0.467 0.000 0.000
444992.000 316.817 0.000 0.000 0.000 0.000 0.000 0.000 0.000 0.000
224080.000 166.273 25088.000 18.616 0.000 0.000 0.000 0.000 2048.000 1.520
0.000 0.000 0.000 0.000 0.000 0.000 0.000 0.000 0.000 0.000
1742576.000 295.144 0.000 0.000 3424.000 0.580 2760.000 0.467 0.000 0.000
444352.000 316.923 0.000 0.000 0.000 0.000 0.000 0.000 0.000 0.000
222544.000 164.374 25088.000 18.530 0.000 0.000 0.000 0.000 2048.000 1.513
0.000 0.000 0.000 0.000 0.000 0.000 0.000 0.000 0.000 0.000
1249280.000 215.610 100352.000 17.320 2832.000 0.489 968.000 0.167 8192.000 1.414
0.000 0.000 0.000 0.000 0.000 0.000 0.000 0.000 0.000 0.000
0.000 0.000 0.000 0.000 0.000 0.000 0.000 0.000 0.000 0.000
0.000 0.000 0.000 0.000 0.000 0.000 0.000 0.000 0.000 0.000
1561600.000 258.870 25088.000 4.159 2672.000 0.443 1940.000 0.322 5120.000 0.849
312320.000 219.104 50176.000 35.200 0.000 0.000 0.000 0.000 3072.000 2.155
0.000 0.000 0.000 0.000 0.000 0.000 0.000 0.000 0.000 0.000
0.000 0.000 0.000 0.000 0.000 0.000 0.000 0.000 0.000 0.000
847472.000 133.809 50176.000 7.922 24512.000 3.870 2800.000 0.442 200704.000 31.690
444864.000 310.395 0.000 0.000 0.000 0.000 0.000 0.000 0.000 0.000
441664.000 315.137 0.000 0.000 0.000 0.000 0.000 0.000 0.000 0.000
442416.000 317.652 0.000 0.000 0.000 0.000 0.000 0.000 0.000 0.000
2246080.000 332.268 0.000 0.000 0.000 0.000 0.000 0.000 0.000 0.000
396448.000 287.071 0.000 0.000 0.000 0.000 0.000 0.000 2048.000 1.483
389936.000 284.222 25088.000 18.287 0.000 0.000 0.000 0.000 2048.000 1.493
2132352.000 332.119 0.000 0.000 0.000 0.000 0.000 0.000 0.000 0.000
469456.000 312.481 0.000 0.000 0.000 0.000 0.000 0.000 0.000 0.000
443840.000 315.593 0.000 0.000 0.000 0.000 0.000 0.000 0.000 0.000
442720.000 317.494 0.000 0.000 0.000 0.000 0.000 0.000 0.000 0.000
1962144.000 284.299 25088.000 3.635 13136.000 1.903 2764.000 0.400 4096.000 0.593
443952.000 315.659 0.000 0.000 0.000 0.000 0.000 0.000 0.000 0.000
442560.000 316.162 0.000 0.000 0.000 0.000 0.000 0.000 0.000 0.000
2088960.000 331.813 0.000 0.000 0.000 0.000 0.000 0.000 0.000 0.000
445600.000 316.943 0.000 0.000 0.000 0.000 0.000 0.000 0.000 0.000
376368.000 272.940 12544.000 9.097 0.000 0.000 0.000 0.000 4096.000 2.970
2238784.000 330.494 12544.000 1.852 0.000 0.000 0.000 0.000 0.000 0.000
455744.000 313.235 0.000 0.000 0.000 0.000 0.000 0.000 0.000 0.000
442688.000 316.364 0.000 0.000 0.000 0.000 0.000 0.000 0.000 0.000
474176.000 313.304 0.000 0.000 0.000 0.000 0.000 0.000 0.000 0.000
1813776.000 281.068 25088.000 3.888 13136.000 2.036 2764.000 0.428 4096.000 0.635
441520.000 315.439 0.000 0.000 0.000 0.000 0.000 0.000 0.000 0.000
439360.000 316.307 0.000 0.000 0.000 0.000 0.000 0.000 0.000 0.000
1577376.000 325.061 0.000 0.000 0.000 0.000 0.000 0.000 0.000 0.000
434992.000 315.360 0.000 0.000 0.000 0.000 0.000 0.000 0.000 0.000
431680.000 315.789 0.000 0.000 0.000 0.000 0.000 0.000 0.000 0.000
431408.000 317.719 0.000 0.000 0.000 0.000 0.000 0.000 0.000 0.000
5275328.000 290.069 50176.000 2.759 0.000 0.000 0.000 0.000 8192.000 0.450
0.000 0.000 0.000 0.000 0.000 0.000 0.000 0.000 0.000 0.000
0.000 0.000 0.000 0.000 0.000 0.000 0.000 0.000 0.000 0.000
0.000 0.000 0.000 0.000 0.000 0.000 0.000 0.000 0.000 0.000
1807664.000 290.935 0.000 0.000 13136.000 2.114 2764.000 0.445 0.000 0.000
432400.000 315.881 0.000 0.000 0.000 0.000 0.000 0.000 0.000 0.000
459584.000 313.881 0.000 0.000 0.000 0.000 0.000 0.000 0.000 0.000
2213040.000 319.044 25088.000 3.617 0.000 0.000 0.000 0.000 4096.000 0.591
437184.000 315.738 0.000 0.000 0.000 0.000 0.000 0.000 0.000 0.000
440240.000 317.817 0.000 0.000 0.000 0.000 0.000 0.000 0.000 0.000
2022368.000 332.099 0.000 0.000 0.000 0.000 0.000 0.000 0.000 0.000
453952.000 314.284 0.000 0.000 0.000 0.000 0.000 0.000 0.000 0.000
437696.000 316.186 0.000 0.000 0.000 0.000 0.000 0.000 0.000 0.000
438192.000 317.791 0.000 0.000 0.000 0.000 0.000 0.000 0.000 0.000
1120208.000 209.391 54784.000 10.240 6464.000 1.208 1004.000 0.188 106496.000 19.906
