73728.000 62.025 43008.000 36.181 3504.000 2.948 176.000 0.148 1024.000 0.861
184320.000 123.466 129024.000 86.426 0.000 0.000 0.000 0.000 2304.000 1.543
36864.000 25.364 43008.000 29.591 3504.000 2.411 176.000 0.121 768.000 0.528
156160.000 118.201 129024.000 97.661 0.000 0.000 0.000 0.000 2048.000 1.550
65024.000 46.097 57344.000 40.653 0.000 0.000 0.000 0.000 1024.000 0.726
147456.000 105.860 100352.000 72.043 3504.000 2.516 176.000 0.126 2048.000 1.470
110592.000 81.715 100352.000 74.149 0.000 0.000 0.000 0.000 1536.000 1.135
199424.000 141.322 25088.000 17.779 3088.000 2.188 128.000 0.091 1536.000 1.088
199424.000 136.645 75264.000 51.571 0.000 0.000 0.000 0.000 2560.000 1.754
181248.000 126.616 0.000 0.000 4368.000 3.051 800.000 0.559 0.000 0.000
181248.000 139.344 25088.000 19.288 0.000 0.000 0.000 0.000 256.000 0.197
181248.000 140.687 25088.000 19.474 0.000 0.000 0.000 0.000 256.000 0.199
169920.000 131.948 25088.000 19.482 0.000 0.000 0.000 0.000 256.000 0.199
90624.000 66.809 25088.000 18.495 4368.000 3.220 800.000 0.590 256.000 0.189
180736.000 138.060 25088.000 19.164 0.000 0.000 0.000 0.000 256.000 0.196
187136.000 134.661 25088.000 18.053 0.000 0.000 0.000 0.000 256.000 0.184
175872.000 135.895 25088.000 19.385 0.000 0.000 0.000 0.000 256.000 0.198
101952.000 71.992 25088.000 17.716 0.000 0.000 0.000 0.000 256.000 0.181
181248.000 135.934 0.000 0.000 4368.000 3.276 800.000 0.600 128.000 0.096
181248.000 139.345 25088.000 19.288 0.000 0.000 0.000 0.000 256.000 0.197
181248.000 140.734 25088.000 19.480 0.000 0.000 0.000 0.000 128.000 0.099
181248.000 139.990 25088.000 19.377 0.000 0.000 0.000 0.000 256.000 0.198
90624.000 66.792 25088.000 18.490 4368.000 3.219 800.000 0.590 256.000 0.189
192576.000 138.519 25088.000 18.046 0.000 0.000 0.000 0.000 256.000 0.184
173504.000 132.960 25088.000 19.226 0.000 0.000 0.000 0.000 256.000 0.196
177664.000 137.177 25088.000 19.371 0.000 0.000 0.000 0.000 256.000 0.198
90624.000 57.941 25088.000 16.040 0.000 0.000 0.000 0.000 256.000 0.164
0.000 0.000 37632.000 25.441 1504.000 1.017 36.000 0.024 200704.000 135.685
0.000 0.000 62720.000 45.889 0.000 0.000 0.000 0.000 200704.000 146.843
267392.000 186.457 0.000 0.000 2272.000 1.584 1472.000 1.026 0.000 0.000
428928.000 249.821 25088.000 14.612 0.000 0.000 0.000 0.000 512.000 0.298
135872.000 97.658 25088.000 18.032 3920.000 2.818 1476.000 1.061 512.000 0.368
236704.000 173.280 0.000 0.000 0.000 0.000 0.000 0.000 0.000 0.000
192800.000 144.732 25088.000 18.833 0.000 0.000 0.000 0.000 1024.000 0.769
225152.000 167.489 0.000 0.000 0.000 0.000 0.000 0.000 0.000 0.000
153456.000 111.728 25088.000 18.266 1952.000 1.421 128.000 0.093 1024.000 0.746
246112.000 166.241 25088.000 16.946 3424.000 2.313 2760.000 1.864 4096.000 2.767
469968.000 306.096 0.000 0.000 0.000 0.000 0.000 0.000 0.000 0.000
447808.000 315.138 0.000 0.000 0.000 0.000 0.000 0.000 0.000 0.000
451136.000 316.030 0.000 0.000 0.000 0.000 0.000 0.000 0.000 0.000
448832.000 318.684 0.000 0.000 0.000 0.000 0.000 0.000 0.000 0.000
409760.000 292.233 0.000 0.000 0.000 0.000 0.000 0.000 1024.000 0.730
312320.000 220.710 25088.000 17.729 1488.000 1.052 968.000 0.684 2048.000 1.447
312320.000 224.873 50176.000 36.127 0.000 0.000 0.000 0.000 3072.000 2.212
236144.000 157.592 0.000 0.000 13136.000 8.766 2764.000 1.845 0.000 0.000
439984.000 312.198 0.000 0.000 0.000 0.000 0.000 0.000 0.000 0.000
443840.000 315.348 0.000 0.000 0.000 0.000 0.000 0.000 0.000 0.000
459712.000 315.494 0.000 0.000 0.000 0.000 0.000 0.000 0.000 0.000
445888.000 315.675 0.000 0.000 0.000 0.000 0.000 0.000 0.000 0.000
444352.000 316.456 0.000 0.000 0.000 0.000 0.000 0.000 0.000 0.000
443200.000 316.891 0.000 0.000 0.000 0.000 0.000 0.000 0.000 0.000
470208.000 310.698 0.000 0.000 0.000 0.000 0.000 0.000 0.000 0.000
445760.000 316.510 0.000 0.000 0.000 0.000 0.000 0.000 0.000 0.000
446528.000 316.815 0.000 0.000 0.000 0.000 0.000 0.000 0.000 0.000
446656.000 316.634 0.000 0.000 0.000 0.000 0.000 0.000 0.000 0.000
349584.000 250.558 25088.000 17.981 0.000 0.000 0.000 0.000 4096.000 2.936
445632.000 316.808 0.000 0.000 0.000 0.000 0.000 0.000 0.000 0.000
444224.000 316.045 0.000 0.000 0.000 0.000 0.000 0.000 0.000 0.000
468032.000 311.291 0.000 0.000 0.000 0.000 0.000 0.000 0.000 0.000
479184.000 311.490 0.000 0.000 0.000 0.000 0.000 0.000 0.000 0.000
444608.000 315.836 0.000 0.000 0.000 0.000 0.000 0.000 0.000 0.000
446656.000 316.085 0.000 0.000 0.000 0.000 0.000 0.000 0.000 0.000
444592.000 316.625 0.000 0.000 0.000 0.000 0.000 0.000 0.000 0.000
446016.000 318.040 0.000 0.000 0.000 0.000 0.000 0.000 0.000 0.000
445888.000 316.289 0.000 0.000 0.000 0.000 0.000 0.000 0.000 0.000
467664.000 311.350 0.000 0.000 0.000 0.000 0.000 0.000 0.000 0.000
52624.000 37.441 25088.000 17.850 13136.000 9.346 2764.000 1.967 4096.000 2.914
432560.000 308.109 0.000 0.000 0.000 0.000 0.000 0.000 0.000 0.000
443968.000 314.176 0.000 0.000 0.000 0.000 0.000 0.000 0.000 0.000
442432.000 315.867 0.000 0.000 0.000 0.000 0.000 0.000 0.000 0.000
448320.000 316.043 0.000 0.000 0.000 0.000 0.000 0.000 0.000 0.000
446400.000 316.769 0.000 0.000 0.000 0.000 0.000 0.000 0.000 0.000
461376.000 307.672 0.000 0.000 0.000 0.000 0.000 0.000 0.000 0.000
480464.000 312.294 0.000 0.000 0.000 0.000 0.000 0.000 0.000 0.000
443584.000 315.236 0.000 0.000 0.000 0.000 0.000 0.000 0.000 0.000
444080.000 316.680 0.000 0.000 0.000 0.000 0.000 0.000 0.000 0.000
444224.000 316.570 0.000 0.000 0.000 0.000 0.000 0.000 0.000 0.000
352160.000 255.449 25088.000 18.198 0.000 0.000 0.000 0.000 4096.000 2.971
443312.000 317.538 0.000 0.000 0.000 0.000 0.000 0.000 0.000 0.000
465360.000 309.310 0.000 0.000 0.000 0.000 0.000 0.000 0.000 0.000
447040.000 314.770 0.000 0.000 0.000 0.000 0.000 0.000 0.000 0.000
443440.000 317.040 0.000 0.000 0.000 0.000 0.000 0.000 0.000 0.000
445248.000 317.599 0.000 0.000 0.000 0.000 0.000 0.000 0.000 0.000
444992.000 316.840 0.000 0.000 0.000 0.000 0.000 0.000 0.000 0.000
442176.000 316.747 0.000 0.000 0.000 0.000 0.000 0.000 0.000 0.000
443968.000 316.329 0.000 0.000 0.000 0.000 0.000 0.000 0.000 0.000
490704.000 306.970 0.000 0.000 0.000 0.000 0.000 0.000 0.000 0.000
447024.000 315.965 0.000 0.000 0.000 0.000 0.000 0.000 0.000 0.000
265840.000 188.554 25088.000 17.794 0.000 0.000 0.000 0.000 4096.000 2.905
301968.000 201.841 0.000 0.000 13136.000 8.780 2764.000 1.848 0.000 0.000
441392.000 312.725 0.000 0.000 0.000 0.000 0.000 0.000 0.000 0.000
445632.000 314.890 0.000 0.000 0.000 0.000 0.000 0.000 0.000 0.000
443328.000 315.435 0.000 0.000 0.000 0.000 0.000 0.000 0.000 0.000
469440.000 309.481 0.000 0.000 0.000 0.000 0.000 0.000 0.000 0.000
446656.000 315.435 0.000 0.000 0.000 0.000 0.000 0.000 0.000 0.000
444992.000 316.216 0.000 0.000 0.000 0.000 0.000 0.000 0.000 0.000
448576.000 316.748 0.000 0.000 0.000 0.000 0.000 0.000 0.000 0.000
447936.000 315.824 0.000 0.000 0.000 0.000 0.000 0.000 0.000 0.000
446272.000 317.394 0.000 0.000 0.000 0.000 0.000 0.000 0.000 0.000
445776.000 317.114 0.000 0.000 0.000 0.000 0.000 0.000 0.000 0.000
388880.000 255.164 25088.000 16.462 0.000 0.000 0.000 0.000 4096.000 2.688
447552.000 315.322 0.000 0.000 0.000 0.000 0.000 0.000 0.000 0.000
447168.000 316.554 0.000 0.000 0.000 0.000 0.000 0.000 0.000 0.000
448704.000 316.729 0.000 0.000 0.000 0.000 0.000 0.000 0.000 0.000
443056.000 316.588 0.000 0.000 0.000 0.000 0.000 0.000 0.000 0.000
442304.000 316.467 0.000 0.000 0.000 0.000 0.000 0.000 0.000 0.000
445760.000 316.007 0.000 0.000 0.000 0.000 0.000 0.000 0.000 0.000
507856.000 307.121 0.000 0.000 0.000 0.000 0.000 0.000 0.000 0.000
447552.000 315.954 0.000 0.000 0.000 0.000 0.000 0.000 0.000 0.000
444480.000 316.532 0.000 0.000 0.000 0.000 0.000 0.000 0.000 0.000
392608.000 279.065 9720.000 6.909 0.000 0.000 0.000 0.000 3072.000 2.184
170832.000 120.220 15360.000 10.809 12944.000 9.109 1584.000 1.115 1024.000 0.721
435392.000 310.717 0.000 0.000 0.000 0.000 0.000 0.000 0.000 0.000
446512.000 315.929 0.000 0.000 0.000 0.000 0.000 0.000 0.000 0.000
463568.000 308.749 0.000 0.000 0.000 0.000 0.000 0.000 0.000 0.000
448320.000 316.431 0.000 0.000 0.000 0.000 0.000 0.000 0.000 0.000
449216.000 317.147 0.000 0.000 0.000 0.000 0.000 0.000 0.000 0.000
447856.000 317.028 0.000 0.000 0.000 0.000 0.000 0.000 0.000 0.000
445696.000 316.536 0.000 0.000 0.000 0.000 0.000 0.000 0.000 0.000
447680.000 317.801 0.000 0.000 0.000 0.000 0.000 0.000 0.000 0.000
444096.000 316.836 0.000 0.000 0.000 0.000 0.000 0.000 0.000 0.000
469968.000 311.464 0.000 0.000 0.000 0.000 0.000 0.000 0.000 0.000
421296.000 298.758 8192.000 5.809 0.000 0.000 0.000 0.000 2048.000 1.452
448192.000 316.580 0.000 0.000 0.000 0.000 0.000 0.000 0.000 0.000
448080.000 316.655 0.000 0.000 0.000 0.000 0.000 0.000 0.000 0.000
449824.000 317.666 0.000 0.000 0.000 0.000 0.000 0.000 0.000 0.000
446272.000 316.498 0.000 0.000 0.000 0.000 0.000 0.000 0.000 0.000
488784.000 313.379 0.000 0.000 0.000 0.000 0.000 0.000 0.000 0.000
465232.000 309.872 0.000 0.000 0.000 0.000 0.000 0.000 0.000 0.000
447040.000 316.258 0.000 0.000 0.000 0.000 0.000 0.000 0.000 0.000
448048.000 317.023 0.000 0.000 0.000 0.000 0.000 0.000 0.000 0.000
445888.000 316.098 0.000 0.000 0.000 0.000 0.000 0.000 0.000 0.000
446912.000 316.952 0.000 0.000 0.000 0.000 0.000 0.000 0.000 0.000
13056.000 8.911 8192.000 5.591 0.000 0.000 0.000 0.000 2048.000 1.398
