27136.000 23.143 12544.000 10.698 1552.000 1.324 184.000 0.157 256.000 0.218
108544.000 74.163 100352.000 68.566 1552.000 1.060 184.000 0.126 1024.000 0.700
108544.000 80.474 100352.000 74.400 1552.000 1.151 184.000 0.136 1024.000 0.759
108544.000 81.664 87808.000 66.063 1552.000 1.168 184.000 0.138 896.000 0.674
131264.000 94.547 100352.000 72.281 1104.000 0.795 128.000 0.092 1152.000 0.830
115264.000 84.948 81536.000 60.091 800.000 0.590 128.000 0.094 3328.000 2.453
217408.000 160.750 0.000 0.000 1312.000 0.970 1808.000 1.337 0.000 0.000
134336.000 99.863 31360.000 23.313 1312.000 0.975 1808.000 1.344 640.000 0.476
219840.000 164.925 0.000 0.000 0.000 0.000 0.000 0.000 0.000 0.000
131904.000 97.460 31360.000 23.171 1312.000 0.969 1808.000 1.336 640.000 0.473
175872.000 132.572 15680.000 11.820 0.000 0.000 0.000 0.000 640.000 0.482
129328.000 94.751 35280.000 25.848 2112.000 1.547 2200.000 1.612 3200.000 2.344
286032.000 195.242 0.000 0.000 0.000 0.000 0.000 0.000 0.000 0.000
260560.000 190.634 0.000 0.000 0.000 0.000 0.000 0.000 0.000 0.000
290880.000 214.183 0.000 0.000 0.000 0.000 0.000 0.000 0.000 0.000
265168.000 194.476 0.000 0.000 0.000 0.000 0.000 0.000 0.000 0.000
262096.000 191.504 0.000 0.000 0.000 0.000 0.000 0.000 0.000 0.000
236176.000 163.133 19600.000 13.538 240.000 0.166 736.000 0.508 3200.000 2.210
199200.000 145.631 39200.000 28.658 480.000 0.351 1472.000 1.076 1600.000 1.170
300176.000 202.050 19600.000 13.193 240.000 0.162 736.000 0.495 1600.000 1.077
39424.000 27.579 19600.000 13.711 0.000 0.000 0.000 0.000 1600.000 1.119
