162304.000 135.935 21504.000 18.010 3520.000 2.948 240.000 0.201 512.000 0.429
331776.000 231.169 50176.000 34.961 0.000 0.000 0.000 0.000 768.000 0.535
119808.000 83.834 57344.000 40.126 2608.000 1.825 176.000 0.123 1280.000 0.896
92160.000 70.127 157696.000 119.995 0.000 0.000 0.000 0.000 2816.000 2.143
135168.000 92.466 14336.000 9.807 1424.000 0.974 744.000 0.509 0.000 0.000
223744.000 157.009 50176.000 35.210 0.000 0.000 0.000 0.000 1024.000 0.719
99840.000 65.765 62720.000 41.314 2176.000 1.433 596.000 0.393 203264.000 133.890
126656.000 89.019 25088.000 17.633 10384.000 7.298 1136.000 0.798 512.000 0.360
264704.000 190.194 0.000 0.000 0.000 0.000 0.000 0.000 0.000 0.000
242784.000 168.745 18816.000 13.078 0.000 0.000 0.000 0.000 384.000 0.267
260128.000 189.417 0.000 0.000 0.000 0.000 0.000 0.000 0.000 0.000
231104.000 170.529 18816.000 13.884 0.000 0.000 0.000 0.000 384.000 0.283
257024.000 189.004 0.000 0.000 0.000 0.000 0.000 0.000 0.000 0.000
546816.000 137.306 37632.000 9.449 0.000 0.000 0.000 0.000 768.000 0.193
270784.000 189.475 0.000 0.000 10384.000 7.266 1136.000 0.795 0.000 0.000
231616.000 169.501 18816.000 13.770 0.000 0.000 0.000 0.000 384.000 0.281
259328.000 188.972 0.000 0.000 0.000 0.000 0.000 0.000 0.000 0.000
243072.000 170.185 18816.000 13.174 0.000 0.000 0.000 0.000 384.000 0.269
281344.000 187.559 0.000 0.000 0.000 0.000 0.000 0.000 0.000 0.000
232448.000 169.091 18816.000 13.687 0.000 0.000 0.000 0.000 384.000 0.279
261024.000 189.131 0.000 0.000 0.000 0.000 0.000 0.000 0.000 0.000
149600.000 104.752 18816.000 13.175 0.000 0.000 0.000 0.000 384.000 0.269
124416.000 87.727 25088.000 17.690 1504.000 1.060 332.000 0.234 50688.000 35.741
