489600.000 84.573 286160.000 49.431 12944.000 2.236 32.000 0.006 16000.000 2.764
137088.000 98.865 86816.000 62.610 0.000 0.000 0.000 0.000 4480.000 3.231
88128.000 67.823 53344.000 41.053 0.000 0.000 0.000 0.000 2880.000 2.216
0.000 0.000 0.000 0.000 0.000 0.000 0.000 0.000 0.000 0.000
1159312.000 159.415 81792.000 11.247 25600.000 3.520 168.000 0.023 4608.000 0.634
400208.000 294.152 27264.000 20.039 1792.000 1.317 0.000 0.000 1920.000 1.411
381216.000 292.617 40896.000 31.391 1792.000 1.376 0.000 0.000 1920.000 1.474
1770416.000 304.739 136320.000 23.465 7936.000 1.366 0.000 0.000 7680.000 1.322
408304.000 311.773 27264.000 20.818 1536.000 1.173 0.000 0.000 1536.000 1.173
385824.000 285.457 34080.000 25.215 2048.000 1.515 0.000 0.000 2304.000 1.705
389328.000 301.018 34080.000 26.350 1792.000 1.386 0.000 0.000 1536.000 1.188
2141152.000 305.585 163584.000 23.347 9216.000 1.315 0.000 0.000 9216.000 1.315
415280.000 310.346 27264.000 20.375 1536.000 1.148 0.000 0.000 1536.000 1.148
354672.000 275.131 40896.000 31.724 1440.000 1.117 0.000 0.000 2304.000 1.787
403152.000 313.349 27264.000 21.191 0.000 0.000 0.000 0.000 1536.000 1.194
1765152.000 305.376 136320.000 23.584 0.000 0.000 0.000 0.000 7680.000 1.329
409088.000 312.880 27264.000 20.852 0.000 0.000 0.000 0.000 1536.000 1.175
376688.000 277.107 40896.000 30.085 0.000 0.000 0.000 0.000 2304.000 1.695
407552.000 313.941 27264.000 21.002 0.000 0.000 0.000 0.000 1536.000 1.183
1135536.000 52.211 95424.000 4.388 0.000 0.000 0.000 0.000 5376.000 0.247
