310016.000 28.986 25088.000 2.346 2832.000 0.265 744.000 0.070 512.000 0.048
289408.000 207.028 50176.000 35.893 0.000 0.000 0.000 0.000 1024.000 0.733
118400.000 88.234 25088.000 18.696 0.000 0.000 0.000 0.000 512.000 0.382
0.000 0.000 0.000 0.000 0.000 0.000 0.000 0.000 0.000 0.000
0.000 0.000 0.000 0.000 0.000 0.000 0.000 0.000 0.000 0.000
0.000 0.000 0.000 0.000 0.000 0.000 0.000 0.000 0.000 0.000
0.000 0.000 0.000 0.000 0.000 0.000 0.000 0.000 0.000 0.000
0.000 0.000 0.000 0.000 0.000 0.000 0.000 0.000 0.000 0.000
1320576.000 142.615 200704.000 21.675 10096.000 1.090 1508.000 0.163 8192.000 0.885
1058816.000 265.768 125440.000 31.486 8336.000 2.092 576.000 0.145 3584.000 0.900
515072.000 368.277 50176.000 35.876 0.000 0.000 0.000 0.000 1024.000 0.732
504704.000 369.487 50176.000 36.733 0.000 0.000 0.000 0.000 1024.000 0.750
233344.000 177.032 25088.000 19.034 0.000 0.000 0.000 0.000 512.000 0.388
0.000 0.000 0.000 0.000 0.000 0.000 0.000 0.000 0.000 0.000
0.000 0.000 0.000 0.000 0.000 0.000 0.000 0.000 0.000 0.000
606864.000 73.343 50176.000 6.064 19200.000 2.320 1600.000 0.193 802816.000 97.024
446512.000 310.976 0.000 0.000 0.000 0.000 0.000 0.000 0.000 0.000
493408.000 303.404 0.000 0.000 0.000 0.000 0.000 0.000 0.000 0.000
448784.000 315.594 0.000 0.000 0.000 0.000 0.000 0.000 0.000 0.000
448352.000 316.465 0.000 0.000 0.000 0.000 0.000 0.000 0.000 0.000
448832.000 316.402 0.000 0.000 0.000 0.000 0.000 0.000 0.000 0.000
447168.000 318.215 0.000 0.000 0.000 0.000 0.000 0.000 0.000 0.000
449216.000 316.632 0.000 0.000 0.000 0.000 0.000 0.000 0.000 0.000
454080.000 316.894 0.000 0.000 0.000 0.000 0.000 0.000 0.000 0.000
5325792.000 333.408 8192.000 0.513 0.000 0.000 0.000 0.000 2048.000 0.128
68880.000 50.400 8192.000 5.994 0.000 0.000 0.000 0.000 2048.000 1.499
