124608.000 107.515 0.000 0.000 4384.000 3.783 800.000 0.690 0.000 0.000
182144.000 134.602 25088.000 18.540 0.000 0.000 0.000 0.000 256.000 0.189
172736.000 135.539 25088.000 19.686 0.000 0.000 0.000 0.000 256.000 0.201
171136.000 135.414 25088.000 19.851 0.000 0.000 0.000 0.000 256.000 0.203
74368.000 55.645 25088.000 18.772 0.000 0.000 0.000 0.000 256.000 0.192
189120.000 136.374 25088.000 18.091 4368.000 3.150 800.000 0.577 256.000 0.185
173376.000 131.987 18808.000 14.318 0.000 0.000 0.000 0.000 256.000 0.195
181248.000 142.076 18816.000 14.749 0.000 0.000 0.000 0.000 256.000 0.201
181248.000 142.663 12544.000 9.874 0.000 0.000 0.000 0.000 128.000 0.101
117696.000 83.064 25088.000 17.706 4368.000 3.083 800.000 0.565 128.000 0.090
176832.000 136.780 25088.000 19.406 0.000 0.000 0.000 0.000 256.000 0.198
169920.000 134.041 25088.000 19.791 0.000 0.000 0.000 0.000 256.000 0.202
169920.000 134.965 25088.000 19.927 0.000 0.000 0.000 0.000 256.000 0.203
90624.000 59.616 25088.000 16.504 0.000 0.000 0.000 0.000 256.000 0.168
0.000 0.000 20968.000 14.213 864.000 0.586 16.000 0.011 351232.000 238.080
173600.000 125.153 4112.000 2.964 2208.000 1.592 1472.000 1.061 50176.000 36.173
202144.000 151.871 25088.000 18.849 0.000 0.000 0.000 0.000 512.000 0.385
173232.000 120.317 25088.000 17.425 1856.000 1.289 128.000 0.089 512.000 0.356
63760.000 46.487 28928.000 21.091 5728.000 4.176 36.000 0.026 51776.000 37.749
0.000 0.000 4352.000 2.941 0.000 0.000 0.000 0.000 50624.000 34.208
