259200.000 29.718 0.000 0.000 3920.000 0.449 1416.000 0.162 0.000 0.000
463872.000 315.510 0.000 0.000 0.000 0.000 0.000 0.000 0.000 0.000
384704.000 255.980 25088.000 16.693 0.000 0.000 0.000 0.000 2048.000 1.363
458496.000 329.844 0.000 0.000 0.000 0.000 0.000 0.000 0.000 0.000
29120.000 21.947 25088.000 18.908 0.000 0.000 0.000 0.000 2048.000 1.544
0.000 0.000 0.000 0.000 0.000 0.000 0.000 0.000 0.000 0.000
0.000 0.000 0.000 0.000 0.000 0.000 0.000 0.000 0.000 0.000
0.000 0.000 0.000 0.000 0.000 0.000 0.000 0.000 0.000 0.000
0.000 0.000 0.000 0.000 0.000 0.000 0.000 0.000 0.000 0.000
1500960.000 203.115 75264.000 10.185 16320.000 2.208 2680.000 0.363 6144.000 0.831
448960.000 314.070 0.000 0.000 0.000 0.000 0.000 0.000 0.000 0.000
442816.000 316.162 0.000 0.000 0.000 0.000 0.000 0.000 0.000 0.000
1951104.000 329.830 0.000 0.000 0.000 0.000 0.000 0.000 0.000 0.000
445424.000 316.195 0.000 0.000 0.000 0.000 0.000 0.000 0.000 0.000
444224.000 317.602 0.000 0.000 0.000 0.000 0.000 0.000 0.000 0.000
427696.000 305.932 4096.000 2.930 0.000 0.000 0.000 0.000 2048.000 1.465
2430480.000 331.764 4096.000 0.559 0.000 0.000 0.000 0.000 0.000 0.000
468416.000 313.332 0.000 0.000 0.000 0.000 0.000 0.000 0.000 0.000
447552.000 316.811 0.000 0.000 0.000 0.000 0.000 0.000 0.000 0.000
1472496.000 247.558 8192.000 1.377 0.000 0.000 0.000 0.000 2048.000 0.344
