4800.000 0.856 0.000 0.000 1488.000 0.265 128.000 0.023 0.000 0.000
61632.000 41.197 50176.000 33.540 0.000 0.000 0.000 0.000 1024.000 0.684
0.000 0.000 0.000 0.000 0.000 0.000 0.000 0.000 0.000 0.000
0.000 0.000 0.000 0.000 0.000 0.000 0.000 0.000 0.000 0.000
0.000 0.000 0.000 0.000 0.000 0.000 0.000 0.000 0.000 0.000
0.000 0.000 0.000 0.000 0.000 0.000 0.000 0.000 0.000 0.000
0.000 0.000 0.000 0.000 0.000 0.000 0.000 0.000 0.000 0.000
562176.000 83.893 250880.000 37.439 7440.000 1.110 1984.000 0.296 4096.000 0.611
0.000 0.000 0.000 0.000 0.000 0.000 0.000 0.000 0.000 0.000
0.000 0.000 0.000 0.000 0.000 0.000 0.000 0.000 0.000 0.000
605888.000 97.838 106624.000 17.217 13360.000 2.157 1756.000 0.284 204544.000 33.029
257600.000 189.947 0.000 0.000 0.000 0.000 0.000 0.000 0.000 0.000
213024.000 160.968 18816.000 14.218 0.000 0.000 0.000 0.000 768.000 0.580
252320.000 189.028 0.000 0.000 0.000 0.000 0.000 0.000 0.000 0.000
1152384.000 163.992 37632.000 5.355 10384.000 1.478 1136.000 0.162 1536.000 0.219
227776.000 169.628 18816.000 14.013 0.000 0.000 0.000 0.000 384.000 0.286
254272.000 190.029 0.000 0.000 0.000 0.000 0.000 0.000 0.000 0.000
995008.000 161.355 56448.000 9.154 0.000 0.000 0.000 0.000 1152.000 0.187
0.000 0.000 0.000 0.000 0.000 0.000 0.000 0.000 0.000 0.000
0.000 0.000 0.000 0.000 0.000 0.000 0.000 0.000 0.000 0.000
0.000 0.000 0.000 0.000 0.000 0.000 0.000 0.000 0.000 0.000
1015968.000 149.208 40768.000 5.987 7680.000 1.128 3024.000 0.444 303104.000 44.515
423008.000 293.529 0.000 0.000 0.000 0.000 0.000 0.000 1536.000 1.066
0.000 0.000 18816.000 14.664 0.000 0.000 0.000 0.000 1536.000 1.197
0.000 0.000 0.000 0.000 0.000 0.000 0.000 0.000 0.000 0.000
1364736.000 234.677 18816.000 3.236 2720.000 0.468 2092.000 0.360 3072.000 0.528
0.000 0.000 0.000 0.000 0.000 0.000 0.000 0.000 0.000 0.000
0.000 0.000 0.000 0.000 0.000 0.000 0.000 0.000 0.000 0.000
0.000 0.000 0.000 0.000 0.000 0.000 0.000 0.000 0.000 0.000
1441040.000 236.635 37632.000 6.180 9872.000 1.621 2944.000 0.483 21504.000 3.531
386720.000 273.152 14112.000 9.968 0.000 0.000 0.000 0.000 2304.000 1.627
439616.000 312.345 0.000 0.000 0.000 0.000 0.000 0.000 0.000 0.000
435920.000 311.964 0.000 0.000 0.000 0.000 0.000 0.000 0.000 0.000
2103440.000 292.942 28224.000 3.931 7760.000 1.081 1588.000 0.221 4608.000 0.642
436944.000 310.164 0.000 0.000 0.000 0.000 0.000 0.000 0.000 0.000
440640.000 312.686 0.000 0.000 0.000 0.000 0.000 0.000 0.000 0.000
1827408.000 293.920 14112.000 2.270 7568.000 1.217 1584.000 0.255 2304.000 0.371
405680.000 287.880 14112.000 10.014 0.000 0.000 0.000 0.000 1152.000 0.817
438592.000 312.125 0.000 0.000 0.000 0.000 0.000 0.000 0.000 0.000
1079840.000 239.246 14112.000 3.127 0.000 0.000 0.000 0.000 1152.000 0.255
