258048.000 23.699 186368.000 17.116 13600.000 1.249 176.000 0.016 3584.000 0.329
187392.000 120.992 156744.000 101.204 0.000 0.000 0.000 0.000 2560.000 1.653
178304.000 138.681 115632.000 89.936 0.000 0.000 0.000 0.000 2048.000 1.593
150400.000 118.307 114688.000 90.215 0.000 0.000 0.000 0.000 2304.000 1.812
147456.000 111.506 134648.000 101.820 0.000 0.000 0.000 0.000 2304.000 1.742
110592.000 87.526 94720.000 74.965 0.000 0.000 0.000 0.000 1536.000 1.216
0.000 0.000 0.000 0.000 0.000 0.000 0.000 0.000 0.000 0.000
0.000 0.000 0.000 0.000 0.000 0.000 0.000 0.000 0.000 0.000
1033040.000 127.742 28672.000 3.545 12912.000 1.597 5616.000 0.694 1024.000 0.127
373680.000 249.783 0.000 0.000 0.000 0.000 0.000 0.000 0.000 0.000
276096.000 203.275 26368.000 19.413 0.000 0.000 0.000 0.000 1024.000 0.754
362688.000 248.938 2304.000 1.581 0.000 0.000 0.000 0.000 0.000 0.000
353728.000 257.836 0.000 0.000 0.000 0.000 0.000 0.000 0.000 0.000
267776.000 199.109 28672.000 21.320 0.000 0.000 0.000 0.000 1024.000 0.761
348416.000 256.554 0.000 0.000 0.000 0.000 0.000 0.000 0.000 0.000
347392.000 255.535 0.000 0.000 0.000 0.000 0.000 0.000 0.000 0.000
268848.000 201.437 28672.000 21.483 0.000 0.000 0.000 0.000 1024.000 0.767
368064.000 256.323 0.000 0.000 0.000 0.000 0.000 0.000 0.000 0.000
2124304.000 143.767 161280.000 10.915 4800.000 0.325 164.000 0.011 807936.000 54.679
0.000 0.000 0.000 0.000 0.000 0.000 0.000 0.000 0.000 0.000
0.000 0.000 0.000 0.000 0.000 0.000 0.000 0.000 0.000 0.000
0.000 0.000 0.000 0.000 0.000 0.000 0.000 0.000 0.000 0.000
0.000 0.000 0.000 0.000 0.000 0.000 0.000 0.000 0.000 0.000
1249280.000 215.427 100352.000 17.305 2704.000 0.466 968.000 0.167 8192.000 1.413
0.000 0.000 0.000 0.000 0.000 0.000 0.000 0.000 0.000 0.000
0.000 0.000 0.000 0.000 0.000 0.000 0.000 0.000 0.000 0.000
0.000 0.000 0.000 0.000 0.000 0.000 0.000 0.000 0.000 0.000
0.000 0.000 32768.000 6.086 12384.000 2.300 16.000 0.003 401408.000 74.551
