229376.000 26.092 25088.000 2.854 2976.000 0.339 744.000 0.085 1024.000 0.116
323968.000 214.658 50176.000 33.246 0.000 0.000 0.000 0.000 2048.000 1.357
164352.000 120.855 25088.000 18.448 0.000 0.000 0.000 0.000 1024.000 0.753
0.000 0.000 0.000 0.000 0.000 0.000 0.000 0.000 0.000 0.000
0.000 0.000 0.000 0.000 0.000 0.000 0.000 0.000 0.000 0.000
0.000 0.000 0.000 0.000 0.000 0.000 0.000 0.000 0.000 0.000
0.000 0.000 0.000 0.000 0.000 0.000 0.000 0.000 0.000 0.000
0.000 0.000 0.000 0.000 0.000 0.000 0.000 0.000 0.000 0.000
0.000 0.000 0.000 0.000 0.000 0.000 0.000 0.000 0.000 0.000
1525248.000 207.364 75264.000 10.232 4240.000 0.576 2888.000 0.393 6144.000 0.835
0.000 0.000 0.000 0.000 0.000 0.000 0.000 0.000 0.000 0.000
0.000 0.000 0.000 0.000 0.000 0.000 0.000 0.000 0.000 0.000
1012656.000 177.294 25088.000 4.392 9216.000 1.614 2800.000 0.490 100352.000 17.569
461904.000 309.940 0.000 0.000 0.000 0.000 0.000 0.000 0.000 0.000
446912.000 316.972 0.000 0.000 0.000 0.000 0.000 0.000 0.000 0.000
447536.000 319.386 0.000 0.000 0.000 0.000 0.000 0.000 0.000 0.000
1478144.000 254.222 25088.000 4.315 3488.000 0.600 2764.000 0.475 4096.000 0.704
482368.000 313.794 0.000 0.000 0.000 0.000 0.000 0.000 0.000 0.000
448192.000 318.131 0.000 0.000 0.000 0.000 0.000 0.000 0.000 0.000
41232.000 31.408 25088.000 19.110 0.000 0.000 0.000 0.000 4096.000 3.120
1452912.000 251.366 0.000 0.000 3488.000 0.603 2764.000 0.478 0.000 0.000
458688.000 316.321 0.000 0.000 0.000 0.000 0.000 0.000 0.000 0.000
450368.000 319.734 0.000 0.000 0.000 0.000 0.000 0.000 0.000 0.000
47504.000 36.297 25088.000 19.169 0.000 0.000 0.000 0.000 4096.000 3.130
1432432.000 248.907 0.000 0.000 3488.000 0.606 2764.000 0.480 0.000 0.000
458304.000 315.211 0.000 0.000 0.000 0.000 0.000 0.000 0.000 0.000
470464.000 315.392 0.000 0.000 0.000 0.000 0.000 0.000 0.000 0.000
48272.000 37.056 25088.000 19.259 0.000 0.000 0.000 0.000 4096.000 3.144
1249280.000 217.099 75264.000 13.079 2288.000 0.398 1940.000 0.337 8192.000 1.424
0.000 0.000 0.000 0.000 0.000 0.000 0.000 0.000 0.000 0.000
0.000 0.000 0.000 0.000 0.000 0.000 0.000 0.000 0.000 0.000
0.000 0.000 0.000 0.000 0.000 0.000 0.000 0.000 0.000 0.000
0.000 0.000 0.000 0.000 0.000 0.000 0.000 0.000 0.000 0.000
1249280.000 215.511 100352.000 17.312 3088.000 0.533 972.000 0.168 16384.000 2.826
0.000 0.000 0.000 0.000 0.000 0.000 0.000 0.000 0.000 0.000
0.000 0.000 0.000 0.000 0.000 0.000 0.000 0.000 0.000 0.000
0.000 0.000 0.000 0.000 0.000 0.000 0.000 0.000 0.000 0.000
1249280.000 207.254 29696.000 4.927 6816.000 1.131 1004.000 0.167 102400.000 16.988
