36864.000 3.541 43008.000 4.131 3072.000 0.295 176.000 0.017 2048.000 0.197
92160.000 65.415 143360.000 101.757 0.000 0.000 0.000 0.000 4864.000 3.452
0.000 0.000 14336.000 10.722 0.000 0.000 0.000 0.000 256.000 0.191
0.000 0.000 0.000 0.000 0.000 0.000 0.000 0.000 0.000 0.000
0.000 0.000 0.000 0.000 0.000 0.000 0.000 0.000 0.000 0.000
0.000 0.000 0.000 0.000 0.000 0.000 0.000 0.000 0.000 0.000
0.000 0.000 0.000 0.000 0.000 0.000 0.000 0.000 0.000 0.000
0.000 0.000 0.000 0.000 0.000 0.000 0.000 0.000 0.000 0.000
0.000 0.000 0.000 0.000 0.000 0.000 0.000 0.000 0.000 0.000
0.000 0.000 0.000 0.000 0.000 0.000 0.000 0.000 0.000 0.000
582272.000 90.131 430080.000 66.573 13584.000 2.103 176.000 0.027 7680.000 1.189
155008.000 114.928 129024.000 95.663 0.000 0.000 0.000 0.000 2560.000 1.898
164608.000 129.144 129024.000 101.226 0.000 0.000 0.000 0.000 2048.000 1.607
130304.000 102.468 114688.000 90.188 0.000 0.000 0.000 0.000 2048.000 1.610
420864.000 62.166 0.000 0.000 19712.000 2.912 432.000 0.064 0.000 0.000
195456.000 143.319 28672.000 21.024 1024.000 0.751 0.000 0.000 512.000 0.375
232832.000 172.037 0.000 0.000 768.000 0.567 0.000 0.000 0.000 0.000
1048832.000 162.918 86016.000 13.361 4096.000 0.636 0.000 0.000 1536.000 0.239
248064.000 180.008 0.000 0.000 768.000 0.557 0.000 0.000 0.000 0.000
204288.000 154.720 28672.000 21.715 1024.000 0.776 0.000 0.000 512.000 0.388
237952.000 178.256 0.000 0.000 768.000 0.575 0.000 0.000 0.000 0.000
1089920.000 163.593 71680.000 10.759 4096.000 0.615 0.000 0.000 1536.000 0.231
248064.000 183.088 14336.000 10.581 1024.000 0.756 0.000 0.000 0.000 0.000
218880.000 164.103 0.000 0.000 768.000 0.576 0.000 0.000 256.000 0.192
227712.000 171.622 28672.000 21.610 1024.000 0.772 0.000 0.000 256.000 0.193
1077760.000 169.003 57344.000 8.992 4096.000 0.642 0.000 0.000 1024.000 0.161
216576.000 153.391 28672.000 20.307 1024.000 0.725 0.000 0.000 512.000 0.363
243584.000 181.391 0.000 0.000 768.000 0.572 0.000 0.000 0.000 0.000
1096064.000 163.823 86016.000 12.856 4096.000 0.612 0.000 0.000 1536.000 0.230
246400.000 182.684 0.000 0.000 1024.000 0.759 0.000 0.000 0.000 0.000
204288.000 154.162 28672.000 21.637 768.000 0.580 0.000 0.000 512.000 0.386
235136.000 176.751 0.000 0.000 1024.000 0.770 0.000 0.000 0.000 0.000
1078144.000 169.600 57344.000 9.021 2448.000 0.385 0.000 0.000 1024.000 0.161
204288.000 152.733 28672.000 21.436 0.000 0.000 0.000 0.000 512.000 0.383
241664.000 181.672 0.000 0.000 0.000 0.000 0.000 0.000 0.000 0.000
215296.000 152.586 28672.000 20.321 0.000 0.000 0.000 0.000 512.000 0.363
258048.000 184.545 0.000 0.000 0.000 0.000 0.000 0.000 0.000 0.000
204288.000 153.448 28672.000 21.537 0.000 0.000 0.000 0.000 512.000 0.385
233472.000 175.564 0.000 0.000 0.000 0.000 0.000 0.000 0.000 0.000
204288.000 154.227 28672.000 21.646 0.000 0.000 0.000 0.000 512.000 0.387
244608.000 182.167 0.000 0.000 0.000 0.000 0.000 0.000 0.000 0.000
201856.000 152.777 28672.000 21.701 0.000 0.000 0.000 0.000 512.000 0.388
239360.000 179.301 0.000 0.000 0.000 0.000 0.000 0.000 0.000 0.000
218880.000 155.869 28672.000 20.418 0.000 0.000 0.000 0.000 512.000 0.365
243456.000 180.398 0.000 0.000 0.000 0.000 0.000 0.000 0.000 0.000
200192.000 151.438 28672.000 21.689 0.000 0.000 0.000 0.000 512.000 0.387
242176.000 180.788 0.000 0.000 0.000 0.000 0.000 0.000 0.000 0.000
215296.000 151.388 28672.000 20.161 0.000 0.000 0.000 0.000 512.000 0.360
232832.000 173.228 0.000 0.000 0.000 0.000 0.000 0.000 0.000 0.000
188800.000 142.687 28672.000 21.669 0.000 0.000 0.000 0.000 512.000 0.387
235776.000 167.281 0.000 0.000 0.000 0.000 0.000 0.000 0.000 0.000
164352.000 122.615 28672.000 21.391 0.000 0.000 0.000 0.000 512.000 0.382
0.000 0.000 0.000 0.000 0.000 0.000 0.000 0.000 0.000 0.000
0.000 0.000 0.000 0.000 0.000 0.000 0.000 0.000 0.000 0.000
0.000 0.000 0.000 0.000 0.000 0.000 0.000 0.000 0.000 0.000
164352.000 117.651 0.000 0.000 18688.000 13.378 432.000 0.309 0.000 0.000
232832.000 170.931 0.000 0.000 1024.000 0.752 0.000 0.000 0.000 0.000
205440.000 143.622 28672.000 20.044 768.000 0.537 0.000 0.000 512.000 0.358
229504.000 170.773 0.000 0.000 1024.000 0.762 0.000 0.000 0.000 0.000
219520.000 150.011 28672.000 19.593 768.000 0.525 0.000 0.000 512.000 0.350
248064.000 184.563 0.000 0.000 1024.000 0.762 0.000 0.000 0.000 0.000
204288.000 154.065 28672.000 21.623 768.000 0.579 0.000 0.000 512.000 0.386
235136.000 176.267 0.000 0.000 768.000 0.576 0.000 0.000 0.000 0.000
202624.000 152.674 28672.000 21.604 1024.000 0.772 0.000 0.000 512.000 0.386
258048.000 183.028 0.000 0.000 768.000 0.545 0.000 0.000 0.000 0.000
207616.000 154.799 28672.000 21.378 1024.000 0.763 0.000 0.000 512.000 0.382
234880.000 175.903 0.000 0.000 768.000 0.575 0.000 0.000 0.000 0.000
204160.000 153.703 28672.000 21.586 768.000 0.578 0.000 0.000 512.000 0.385
247936.000 185.385 0.000 0.000 1024.000 0.766 0.000 0.000 0.000 0.000
199936.000 151.460 28672.000 21.720 768.000 0.582 0.000 0.000 512.000 0.388
237824.000 178.473 0.000 0.000 768.000 0.576 0.000 0.000 0.000 0.000
204288.000 152.740 28672.000 21.437 768.000 0.574 0.000 0.000 512.000 0.383
262656.000 183.122 0.000 0.000 1024.000 0.714 0.000 0.000 0.000 0.000
219776.000 151.169 28672.000 19.722 1024.000 0.704 0.000 0.000 512.000 0.352
247168.000 183.260 0.000 0.000 768.000 0.569 0.000 0.000 0.000 0.000
204288.000 153.051 28672.000 21.481 768.000 0.575 0.000 0.000 512.000 0.384
239104.000 178.501 0.000 0.000 1024.000 0.764 0.000 0.000 0.000 0.000
201088.000 151.649 28672.000 21.623 768.000 0.579 0.000 0.000 512.000 0.386
245632.000 183.479 0.000 0.000 1024.000 0.765 0.000 0.000 0.000 0.000
218880.000 153.061 28672.000 20.050 768.000 0.537 0.000 0.000 512.000 0.358
243456.000 181.140 0.000 0.000 1024.000 0.762 0.000 0.000 0.000 0.000
194304.000 145.370 20072.000 15.017 512.000 0.383 0.000 0.000 512.000 0.383
248064.000 187.239 8592.000 6.485 1024.000 0.773 0.000 0.000 0.000 0.000
218880.000 163.639 0.000 0.000 768.000 0.574 0.000 0.000 256.000 0.191
229248.000 172.175 28672.000 21.534 1024.000 0.769 0.000 0.000 256.000 0.192
237696.000 177.369 0.000 0.000 768.000 0.573 0.000 0.000 0.000 0.000
204288.000 153.192 28672.000 21.501 1024.000 0.768 0.000 0.000 512.000 0.384
262656.000 182.974 0.000 0.000 768.000 0.535 0.000 0.000 0.000 0.000
204288.000 153.209 28672.000 21.503 1024.000 0.768 0.000 0.000 512.000 0.384
252928.000 179.116 0.000 0.000 768.000 0.544 0.000 0.000 0.000 0.000
204928.000 153.419 28672.000 21.465 1024.000 0.767 0.000 0.000 512.000 0.383
242560.000 179.779 0.000 0.000 768.000 0.569 0.000 0.000 0.000 0.000
204288.000 152.858 28672.000 21.454 144.000 0.108 0.000 0.000 512.000 0.383
242560.000 181.979 0.000 0.000 0.000 0.000 0.000 0.000 0.000 0.000
214272.000 151.703 28672.000 20.300 0.000 0.000 0.000 0.000 512.000 0.362
243584.000 182.494 0.000 0.000 0.000 0.000 0.000 0.000 0.000 0.000
204288.000 154.137 28672.000 21.633 0.000 0.000 0.000 0.000 512.000 0.386
237824.000 176.696 0.000 0.000 0.000 0.000 0.000 0.000 0.000 0.000
206848.000 154.727 28672.000 21.447 0.000 0.000 0.000 0.000 512.000 0.383
241152.000 181.331 0.000 0.000 0.000 0.000 0.000 0.000 0.000 0.000
204288.000 154.487 28672.000 21.682 0.000 0.000 0.000 0.000 512.000 0.387
248064.000 178.688 0.000 0.000 0.000 0.000 0.000 0.000 0.000 0.000
204288.000 151.160 28672.000 21.215 0.000 0.000 0.000 0.000 512.000 0.379
247040.000 184.690 0.000 0.000 0.000 0.000 0.000 0.000 0.000 0.000
199552.000 150.700 28672.000 21.653 0.000 0.000 0.000 0.000 512.000 0.387
239232.000 178.168 0.000 0.000 0.000 0.000 0.000 0.000 0.000 0.000
204288.000 152.890 28672.000 21.458 0.000 0.000 0.000 0.000 512.000 0.383
269824.000 182.752 0.000 0.000 0.000 0.000 0.000 0.000 0.000 0.000
202368.000 151.083 28672.000 21.406 0.000 0.000 0.000 0.000 512.000 0.382
238592.000 168.092 0.000 0.000 0.000 0.000 0.000 0.000 0.000 0.000
191744.000 144.172 28672.000 21.558 0.000 0.000 0.000 0.000 512.000 0.385
227584.000 170.402 0.000 0.000 0.000 0.000 0.000 0.000 0.000 0.000
169600.000 127.481 28672.000 21.552 0.000 0.000 0.000 0.000 512.000 0.385
0.000 0.000 0.000 0.000 0.000 0.000 0.000 0.000 0.000 0.000
0.000 0.000 0.000 0.000 0.000 0.000 0.000 0.000 0.000 0.000
0.000 0.000 0.000 0.000 0.000 0.000 0.000 0.000 0.000 0.000
178048.000 119.050 0.000 0.000 18944.000 12.667 432.000 0.289 0.000 0.000
232832.000 170.191 0.000 0.000 768.000 0.561 0.000 0.000 0.000 0.000
189184.000 143.226 28672.000 21.707 768.000 0.581 0.000 0.000 512.000 0.388
221696.000 165.638 0.000 0.000 768.000 0.574 0.000 0.000 0.000 0.000
200704.000 150.250 28672.000 21.464 1024.000 0.767 0.000 0.000 512.000 0.383
246400.000 183.702 0.000 0.000 768.000 0.573 0.000 0.000 0.000 0.000
205184.000 153.926 28672.000 21.509 1024.000 0.768 0.000 0.000 512.000 0.384
254208.000 177.649 0.000 0.000 768.000 0.537 0.000 0.000 0.000 0.000
206592.000 153.957 28672.000 21.367 1024.000 0.763 0.000 0.000 512.000 0.382
240384.000 178.272 0.000 0.000 768.000 0.570 0.000 0.000 0.000 0.000
204288.000 153.806 28672.000 21.587 768.000 0.578 0.000 0.000 512.000 0.385
270208.000 182.908 0.000 0.000 1024.000 0.693 0.000 0.000 0.000 0.000
208768.000 154.931 28672.000 21.278 1024.000 0.760 0.000 0.000 512.000 0.380
237312.000 176.064 0.000 0.000 768.000 0.570 0.000 0.000 0.000 0.000
217600.000 156.176 28672.000 20.578 768.000 0.551 0.000 0.000 512.000 0.367
246656.000 183.183 0.000 0.000 1024.000 0.760 0.000 0.000 0.000 0.000
203904.000 153.058 28672.000 21.522 768.000 0.576 0.000 0.000 512.000 0.384
239104.000 176.639 0.000 0.000 768.000 0.567 0.000 0.000 0.000 0.000
202368.000 152.275 28672.000 21.575 768.000 0.578 0.000 0.000 512.000 0.385
246144.000 183.635 0.000 0.000 1024.000 0.764 0.000 0.000 0.000 0.000
203264.000 152.957 28672.000 21.576 768.000 0.578 0.000 0.000 512.000 0.385
237440.000 177.491 0.000 0.000 1024.000 0.765 0.000 0.000 0.000 0.000
215936.000 152.702 28672.000 20.276 768.000 0.543 0.000 0.000 512.000 0.362
248064.000 185.133 0.000 0.000 1024.000 0.764 0.000 0.000 0.000 0.000
192512.000 144.420 27048.000 20.291 512.000 0.384 0.000 0.000 512.000 0.384
250624.000 186.753 1616.000 1.204 1024.000 0.763 0.000 0.000 0.000 0.000
213504.000 158.554 0.000 0.000 768.000 0.570 0.000 0.000 256.000 0.190
233472.000 175.187 28672.000 21.514 1024.000 0.768 0.000 0.000 256.000 0.192
233472.000 173.828 0.000 0.000 768.000 0.572 0.000 0.000 0.000 0.000
233472.000 164.305 28672.000 20.178 1024.000 0.721 0.000 0.000 512.000 0.360
233472.000 173.249 0.000 0.000 768.000 0.570 0.000 0.000 0.000 0.000
206976.000 155.828 28672.000 21.587 1024.000 0.771 0.000 0.000 512.000 0.385
245376.000 183.036 0.000 0.000 768.000 0.573 0.000 0.000 0.000 0.000
232576.000 156.737 28672.000 19.323 1024.000 0.690 0.000 0.000 512.000 0.345
244352.000 180.376 0.000 0.000 768.000 0.567 0.000 0.000 0.000 0.000
206080.000 154.023 28672.000 21.429 1024.000 0.765 0.000 0.000 512.000 0.383
250880.000 180.178 0.000 0.000 768.000 0.552 0.000 0.000 0.000 0.000
1780352.000 166.233 114688.000 10.709 144.000 0.013 0.000 0.000 2048.000 0.191
218752.000 156.264 28672.000 20.482 0.000 0.000 0.000 0.000 512.000 0.366
244096.000 181.634 0.000 0.000 0.000 0.000 0.000 0.000 0.000 0.000
199424.000 151.461 28672.000 21.776 0.000 0.000 0.000 0.000 512.000 0.389
242176.000 183.258 0.000 0.000 0.000 0.000 0.000 0.000 0.000 0.000
197760.000 150.368 28672.000 21.801 0.000 0.000 0.000 0.000 512.000 0.389
240000.000 181.123 0.000 0.000 0.000 0.000 0.000 0.000 0.000 0.000
218880.000 155.329 28672.000 20.347 0.000 0.000 0.000 0.000 512.000 0.363
235648.000 175.859 0.000 0.000 0.000 0.000 0.000 0.000 0.000 0.000
200320.000 151.929 28672.000 21.746 0.000 0.000 0.000 0.000 512.000 0.388
220928.000 168.568 0.000 0.000 0.000 0.000 0.000 0.000 0.000 0.000
189952.000 145.091 14336.000 10.950 0.000 0.000 0.000 0.000 512.000 0.391
221440.000 168.412 14336.000 10.903 0.000 0.000 0.000 0.000 0.000 0.000
216832.000 163.990 0.000 0.000 0.000 0.000 0.000 0.000 0.000 0.000
0.000 0.000 28672.000 18.874 0.000 0.000 0.000 0.000 512.000 0.337
0.000 0.000 0.000 0.000 0.000 0.000 0.000 0.000 0.000 0.000
147456.000 98.108 0.000 0.000 10448.000 6.951 176.000 0.117 256.000 0.170
294912.000 220.274 57344.000 42.831 0.000 0.000 0.000 0.000 2304.000 1.721
294912.000 222.151 71680.000 53.995 0.000 0.000 0.000 0.000 2560.000 1.928
294912.000 224.529 57344.000 43.658 0.000 0.000 0.000 0.000 2048.000 1.559
299520.000 228.374 71680.000 54.654 0.000 0.000 0.000 0.000 2048.000 1.562
411392.000 260.594 57344.000 36.324 0.000 0.000 0.000 0.000 2048.000 1.297
321280.000 193.760 86016.000 51.875 0.000 0.000 0.000 0.000 3072.000 1.853
0.000 0.000 0.000 0.000 0.000 0.000 0.000 0.000 0.000 0.000
147456.000 104.355 28672.000 20.291 18960.000 13.418 176.000 0.125 512.000 0.362
221184.000 168.995 100352.000 76.674 0.000 0.000 0.000 0.000 2048.000 1.565
261120.000 203.236 100352.000 78.106 0.000 0.000 0.000 0.000 1536.000 1.196
254976.000 200.454 86016.000 67.623 0.000 0.000 0.000 0.000 1792.000 1.409
222976.000 174.665 108264.000 84.807 0.000 0.000 0.000 0.000 1792.000 1.404
293120.000 201.308 92432.000 63.480 0.000 0.000 0.000 0.000 1792.000 1.231
238080.000 183.319 114688.000 88.308 0.000 0.000 0.000 0.000 1792.000 1.380
278016.000 213.479 86016.000 66.049 0.000 0.000 0.000 0.000 1792.000 1.376
147456.000 111.255 86016.000 64.899 0.000 0.000 0.000 0.000 1280.000 0.966
0.000 0.000 0.000 0.000 0.000 0.000 0.000 0.000 0.000 0.000
0.000 0.000 0.000 0.000 0.000 0.000 0.000 0.000 0.000 0.000
155648.000 109.626 28672.000 20.194 18960.000 13.354 176.000 0.124 512.000 0.361
434176.000 303.259 57344.000 40.053 0.000 0.000 0.000 0.000 1024.000 0.715
294912.000 221.487 71680.000 53.834 0.000 0.000 0.000 0.000 1536.000 1.154
360704.000 275.319 71680.000 54.712 0.000 0.000 0.000 0.000 1024.000 0.782
376576.000 284.213 57344.000 43.279 0.000 0.000 0.000 0.000 1280.000 0.966
294912.000 221.484 71680.000 53.833 0.000 0.000 0.000 0.000 1280.000 0.961
393856.000 303.314 71680.000 55.202 0.000 0.000 0.000 0.000 1024.000 0.789
343424.000 259.621 57344.000 43.351 0.000 0.000 0.000 0.000 1024.000 0.774
351744.000 248.170 86016.000 60.688 0.000 0.000 0.000 0.000 1536.000 1.084
385536.000 287.909 57344.000 42.823 0.000 0.000 0.000 0.000 1024.000 0.765
294912.000 221.920 71680.000 53.939 0.000 0.000 0.000 0.000 1536.000 1.156
385024.000 293.788 71680.000 54.695 0.000 0.000 0.000 0.000 1024.000 0.781
57344.000 38.512 28672.000 19.256 0.000 0.000 0.000 0.000 512.000 0.344
0.000 0.000 0.000 0.000 0.000 0.000 0.000 0.000 0.000 0.000
56704.000 32.388 0.000 0.000 18960.000 10.829 176.000 0.101 0.000 0.000
385664.000 254.133 57344.000 37.787 0.000 0.000 0.000 0.000 1280.000 0.843
301312.000 221.501 86016.000 63.232 0.000 0.000 0.000 0.000 1280.000 0.941
420224.000 320.464 57344.000 43.731 0.000 0.000 0.000 0.000 1024.000 0.781
310656.000 234.026 57344.000 43.199 0.000 0.000 0.000 0.000 1280.000 0.964
336384.000 259.208 86016.000 66.281 0.000 0.000 0.000 0.000 1280.000 0.986
381312.000 290.068 57344.000 43.622 0.000 0.000 0.000 0.000 1024.000 0.779
314496.000 238.482 57344.000 43.484 0.000 0.000 0.000 0.000 1280.000 0.971
348928.000 268.126 86016.000 66.097 0.000 0.000 0.000 0.000 1280.000 0.984
388352.000 261.028 57344.000 38.543 0.000 0.000 0.000 0.000 1280.000 0.860
338560.000 251.933 86016.000 64.007 0.000 0.000 0.000 0.000 1280.000 0.952
382592.000 289.568 57344.000 43.401 0.000 0.000 0.000 0.000 1024.000 0.775
163584.000 128.204 57344.000 44.941 0.000 0.000 0.000 0.000 1024.000 0.803
0.000 0.000 0.000 0.000 0.000 0.000 0.000 0.000 0.000 0.000
0.000 0.000 0.000 0.000 0.000 0.000 0.000 0.000 0.000 0.000
0.000 0.000 0.000 0.000 0.000 0.000 0.000 0.000 0.000 0.000
1084928.000 140.698 200704.000 26.028 18960.000 2.459 176.000 0.023 3584.000 0.465
355328.000 258.865 57344.000 41.776 0.000 0.000 0.000 0.000 1024.000 0.746
329216.000 250.841 71680.000 54.615 0.000 0.000 0.000 0.000 1536.000 1.170
394496.000 273.284 71680.000 49.656 0.000 0.000 0.000 0.000 1024.000 0.709
342784.000 256.310 57344.000 42.878 0.000 0.000 0.000 0.000 1024.000 0.766
327936.000 250.136 86016.000 65.609 0.000 0.000 0.000 0.000 1536.000 1.172
360576.000 270.941 57344.000 43.089 0.000 0.000 0.000 0.000 1024.000 0.769
343680.000 264.681 71680.000 55.203 0.000 0.000 0.000 0.000 1536.000 1.183
328320.000 249.833 71680.000 54.544 0.000 0.000 0.000 0.000 1024.000 0.779
261504.000 203.271 57344.000 44.574 0.000 0.000 0.000 0.000 1024.000 0.796
993152.000 123.222 28672.000 3.557 12912.000 1.602 5616.000 0.697 1024.000 0.127
368000.000 253.963 0.000 0.000 0.000 0.000 0.000 0.000 0.000 0.000
305920.000 222.722 6528.000 4.753 0.000 0.000 0.000 0.000 1024.000 0.746
348768.000 233.861 22136.000 14.843 0.000 0.000 0.000 0.000 0.000 0.000
349472.000 251.921 0.000 0.000 0.000 0.000 0.000 0.000 0.000 0.000
269440.000 198.711 28672.000 21.145 0.000 0.000 0.000 0.000 1024.000 0.755
400384.000 253.993 0.000 0.000 0.000 0.000 0.000 0.000 0.000 0.000
327680.000 238.091 0.000 0.000 0.000 0.000 0.000 0.000 512.000 0.372
296352.000 217.572 28672.000 21.050 0.000 0.000 0.000 0.000 512.000 0.376
349920.000 254.949 0.000 0.000 0.000 0.000 0.000 0.000 0.000 0.000
2429824.000 164.157 224000.000 15.133 6016.000 0.406 616.000 0.042 809984.000 54.722
0.000 0.000 12544.000 9.698 0.000 0.000 0.000 0.000 0.000 0.000
0.000 0.000 0.000 0.000 0.000 0.000 0.000 0.000 0.000 0.000
0.000 0.000 0.000 0.000 0.000 0.000 0.000 0.000 0.000 0.000
0.000 0.000 0.000 0.000 0.000 0.000 0.000 0.000 0.000 0.000
1607744.000 261.606 0.000 0.000 3424.000 0.557 2760.000 0.449 0.000 0.000
449216.000 315.100 0.000 0.000 0.000 0.000 0.000 0.000 0.000 0.000
457664.000 317.056 0.000 0.000 0.000 0.000 0.000 0.000 0.000 0.000
45376.000 34.864 25088.000 19.276 0.000 0.000 0.000 0.000 2048.000 1.574
1755248.000 293.983 0.000 0.000 3488.000 0.584 2764.000 0.463 0.000 0.000
448576.000 316.833 0.000 0.000 0.000 0.000 0.000 0.000 0.000 0.000
205648.000 151.214 25088.000 18.447 0.000 0.000 0.000 0.000 4096.000 3.012
0.000 0.000 0.000 0.000 0.000 0.000 0.000 0.000 0.000 0.000
1249280.000 214.566 100352.000 17.236 2832.000 0.486 968.000 0.166 8192.000 1.407
0.000 0.000 0.000 0.000 0.000 0.000 0.000 0.000 0.000 0.000
0.000 0.000 0.000 0.000 0.000 0.000 0.000 0.000 0.000 0.000
0.000 0.000 0.000 0.000 0.000 0.000 0.000 0.000 0.000 0.000
1592704.000 261.777 50176.000 8.247 2608.000 0.429 1940.000 0.319 6144.000 1.010
281216.000 203.781 25088.000 18.180 0.000 0.000 0.000 0.000 2048.000 1.484
0.000 0.000 0.000 0.000 0.000 0.000 0.000 0.000 0.000 0.000
0.000 0.000 0.000 0.000 0.000 0.000 0.000 0.000 0.000 0.000
0.000 0.000 16384.000 4.665 6240.000 1.777 16.000 0.005 200704.000 57.140
