332416.000 279.604 50176.000 42.204 10896.000 9.165 296.000 0.249 1024.000 0.861
377664.000 265.665 75264.000 52.944 0.000 0.000 0.000 0.000 1536.000 1.080
357312.000 274.248 74088.000 56.865 0.000 0.000 0.000 0.000 1536.000 1.179
396928.000 304.872 51344.000 39.436 0.000 0.000 0.000 0.000 1280.000 0.983
399360.000 281.251 75264.000 53.005 0.000 0.000 0.000 0.000 1536.000 1.082
266240.000 197.365 75264.000 55.794 0.000 0.000 0.000 0.000 1280.000 0.949
0.000 0.000 0.000 0.000 0.000 0.000 0.000 0.000 0.000 0.000
388992.000 276.758 25088.000 17.849 9104.000 6.477 300.000 0.213 1024.000 0.729
409728.000 299.686 37632.000 27.525 0.000 0.000 0.000 0.000 2048.000 1.498
482432.000 342.503 37632.000 26.717 0.000 0.000 0.000 0.000 1024.000 0.727
394368.000 296.571 50176.000 37.733 0.000 0.000 0.000 0.000 2048.000 1.540
454400.000 313.793 37656.000 26.004 0.000 0.000 0.000 0.000 2048.000 1.414
0.000 0.000 12512.000 8.585 0.000 0.000 0.000 0.000 0.000 0.000
181248.000 132.750 0.000 0.000 19712.000 14.438 800.000 0.586 0.000 0.000
181248.000 136.761 8064.000 6.085 768.000 0.579 0.000 0.000 384.000 0.290
203904.000 154.925 17024.000 12.935 1280.000 0.973 0.000 0.000 128.000 0.097
164544.000 125.998 25088.000 19.211 768.000 0.588 0.000 0.000 512.000 0.392
226112.000 163.575 0.000 0.000 1280.000 0.926 0.000 0.000 0.000 0.000
171776.000 131.387 25088.000 19.189 768.000 0.587 0.000 0.000 512.000 0.392
228096.000 160.868 0.000 0.000 1280.000 0.903 0.000 0.000 0.000 0.000
172224.000 131.187 25088.000 19.110 1024.000 0.780 0.000 0.000 512.000 0.390
206976.000 157.037 0.000 0.000 768.000 0.583 0.000 0.000 0.000 0.000
173952.000 132.516 25088.000 19.112 1280.000 0.975 0.000 0.000 512.000 0.390
208128.000 159.204 0.000 0.000 768.000 0.587 0.000 0.000 0.000 0.000
169920.000 131.680 25088.000 19.442 656.000 0.508 0.000 0.000 512.000 0.397
203904.000 156.748 0.000 0.000 0.000 0.000 0.000 0.000 0.000 0.000
207040.000 135.915 25088.000 16.469 0.000 0.000 0.000 0.000 512.000 0.336
200768.000 150.877 0.000 0.000 0.000 0.000 0.000 0.000 0.000 0.000
181248.000 138.905 25088.000 19.227 0.000 0.000 0.000 0.000 512.000 0.392
181248.000 138.781 3504.000 2.683 0.000 0.000 0.000 0.000 384.000 0.294
203904.000 156.002 21576.000 16.507 0.000 0.000 0.000 0.000 128.000 0.098
159040.000 122.320 19256.000 14.810 0.000 0.000 0.000 0.000 512.000 0.394
214784.000 163.719 5824.000 4.439 0.000 0.000 0.000 0.000 0.000 0.000
169920.000 131.350 25088.000 19.393 0.000 0.000 0.000 0.000 512.000 0.396
230720.000 160.252 0.000 0.000 0.000 0.000 0.000 0.000 0.000 0.000
170240.000 130.666 25088.000 19.256 0.000 0.000 0.000 0.000 512.000 0.393
222080.000 159.715 0.000 0.000 0.000 0.000 0.000 0.000 0.000 0.000
169920.000 130.437 25088.000 19.258 0.000 0.000 0.000 0.000 512.000 0.393
209664.000 161.085 0.000 0.000 0.000 0.000 0.000 0.000 0.000 0.000
167680.000 129.718 25088.000 19.408 0.000 0.000 0.000 0.000 512.000 0.396
211648.000 162.251 0.000 0.000 0.000 0.000 0.000 0.000 0.000 0.000
180096.000 132.466 25088.000 18.453 0.000 0.000 0.000 0.000 512.000 0.377
205952.000 156.342 0.000 0.000 0.000 0.000 0.000 0.000 0.000 0.000
21760.000 14.714 25088.000 16.964 0.000 0.000 0.000 0.000 512.000 0.346
210496.000 141.079 0.000 0.000 4368.000 2.928 296.000 0.198 0.000 0.000
373760.000 272.961 50176.000 36.644 0.000 0.000 0.000 0.000 1024.000 0.748
455104.000 330.135 25088.000 18.199 0.000 0.000 0.000 0.000 512.000 0.371
150816.000 103.639 48760.000 33.507 2256.000 1.550 128.000 0.088 1536.000 1.056
242912.000 170.395 26496.000 18.586 8592.000 6.027 576.000 0.404 1024.000 0.718
372992.000 276.155 75264.000 55.724 0.000 0.000 0.000 0.000 1536.000 1.137
369152.000 278.357 75264.000 56.752 0.000 0.000 0.000 0.000 1536.000 1.158
199936.000 141.719 50176.000 35.566 0.000 0.000 0.000 0.000 1024.000 0.726
57872.000 40.008 0.000 0.000 17408.000 12.035 128.000 0.088 0.000 0.000
274304.000 203.781 0.000 0.000 1792.000 1.331 0.000 0.000 0.000 0.000
276752.000 206.124 0.000 0.000 2048.000 1.525 0.000 0.000 0.000 0.000
261472.000 194.241 1896.000 1.408 2048.000 1.521 0.000 0.000 1536.000 1.141
275472.000 193.992 23184.000 16.327 2048.000 1.442 0.000 0.000 512.000 0.361
277824.000 208.663 0.000 0.000 400.000 0.300 0.000 0.000 0.000 0.000
281312.000 209.011 0.000 0.000 0.000 0.000 0.000 0.000 0.000 0.000
267616.000 185.731 25088.000 17.412 0.000 0.000 0.000 0.000 2048.000 1.421
278592.000 208.628 0.000 0.000 0.000 0.000 0.000 0.000 0.000 0.000
278592.000 208.116 0.000 0.000 0.000 0.000 0.000 0.000 0.000 0.000
245216.000 185.337 25088.000 18.962 0.000 0.000 0.000 0.000 2048.000 1.548
291520.000 206.355 0.000 0.000 0.000 0.000 0.000 0.000 0.000 0.000
280432.000 208.998 0.000 0.000 0.000 0.000 0.000 0.000 0.000 0.000
158944.000 110.690 25088.000 17.471 1184.000 0.825 972.000 0.677 2048.000 1.426
486272.000 348.770 0.000 0.000 0.000 0.000 0.000 0.000 0.000 0.000
483712.000 353.162 0.000 0.000 0.000 0.000 0.000 0.000 0.000 0.000
262144.000 189.312 25088.000 18.118 2832.000 2.045 968.000 0.699 4096.000 2.958
393856.000 281.501 25088.000 17.931 0.000 0.000 0.000 0.000 2048.000 1.464
412672.000 278.353 25088.000 16.922 0.000 0.000 0.000 0.000 2048.000 1.381
395392.000 283.767 25088.000 18.005 0.000 0.000 0.000 0.000 2048.000 1.470
208128.000 145.360 25088.000 17.522 2192.000 1.531 968.000 0.676 2048.000 1.430
523648.000 345.743 0.000 0.000 0.000 0.000 0.000 0.000 0.000 0.000
492160.000 356.083 0.000 0.000 0.000 0.000 0.000 0.000 0.000 0.000
379520.000 278.741 25088.000 18.426 0.000 0.000 0.000 0.000 2048.000 1.504
485504.000 354.344 0.000 0.000 0.000 0.000 0.000 0.000 0.000 0.000
449664.000 304.700 5320.000 3.605 0.000 0.000 0.000 0.000 2048.000 1.388
349824.000 245.577 19760.000 13.872 768.000 0.539 972.000 0.682 0.000 0.000
274816.000 196.128 25088.000 17.905 0.000 0.000 0.000 0.000 4096.000 2.923
427968.000 300.434 0.000 0.000 3488.000 2.449 2764.000 1.940 0.000 0.000
444224.000 316.620 0.000 0.000 0.000 0.000 0.000 0.000 0.000 0.000
446048.000 316.807 0.000 0.000 0.000 0.000 0.000 0.000 0.000 0.000
447504.000 318.153 0.000 0.000 0.000 0.000 0.000 0.000 0.000 0.000
463056.000 310.726 0.000 0.000 0.000 0.000 0.000 0.000 0.000 0.000
235232.000 165.891 25088.000 17.693 3488.000 2.460 2764.000 1.949 4096.000 2.889
451776.000 312.717 0.000 0.000 0.000 0.000 0.000 0.000 0.000 0.000
446016.000 314.801 0.000 0.000 0.000 0.000 0.000 0.000 0.000 0.000
447040.000 316.650 0.000 0.000 0.000 0.000 0.000 0.000 0.000 0.000
467520.000 315.845 0.000 0.000 0.000 0.000 0.000 0.000 0.000 0.000
447040.000 316.701 0.000 0.000 0.000 0.000 0.000 0.000 0.000 0.000
293152.000 198.183 25088.000 16.961 1488.000 1.006 968.000 0.654 4096.000 2.769
395264.000 282.747 25088.000 17.946 0.000 0.000 0.000 0.000 2048.000 1.465
131888.000 93.491 25088.000 17.784 13008.000 9.221 2760.000 1.956 2048.000 1.452
435264.000 308.915 0.000 0.000 0.000 0.000 0.000 0.000 0.000 0.000
441136.000 314.520 0.000 0.000 0.000 0.000 0.000 0.000 0.000 0.000
444736.000 316.326 0.000 0.000 0.000 0.000 0.000 0.000 0.000 0.000
445888.000 315.932 0.000 0.000 0.000 0.000 0.000 0.000 0.000 0.000
458176.000 310.211 0.000 0.000 0.000 0.000 0.000 0.000 0.000 0.000
445120.000 316.058 0.000 0.000 0.000 0.000 0.000 0.000 0.000 0.000
447296.000 315.726 0.000 0.000 0.000 0.000 0.000 0.000 0.000 0.000
446144.000 316.071 0.000 0.000 0.000 0.000 0.000 0.000 0.000 0.000
444096.000 316.983 0.000 0.000 0.000 0.000 0.000 0.000 0.000 0.000
446512.000 316.359 0.000 0.000 0.000 0.000 0.000 0.000 0.000 0.000
362656.000 260.650 25088.000 18.031 0.000 0.000 0.000 0.000 2048.000 1.472
454336.000 311.419 0.000 0.000 0.000 0.000 0.000 0.000 0.000 0.000
445504.000 315.439 0.000 0.000 0.000 0.000 0.000 0.000 0.000 0.000
483664.000 312.069 0.000 0.000 0.000 0.000 0.000 0.000 0.000 0.000
446016.000 315.014 0.000 0.000 0.000 0.000 0.000 0.000 0.000 0.000
444416.000 315.695 0.000 0.000 0.000 0.000 0.000 0.000 0.000 0.000
444016.000 317.206 0.000 0.000 0.000 0.000 0.000 0.000 0.000 0.000
439232.000 315.205 0.000 0.000 0.000 0.000 0.000 0.000 0.000 0.000
459584.000 312.016 0.000 0.000 0.000 0.000 0.000 0.000 0.000 0.000
443840.000 315.914 0.000 0.000 0.000 0.000 0.000 0.000 0.000 0.000
446272.000 316.822 0.000 0.000 0.000 0.000 0.000 0.000 0.000 0.000
213840.000 150.767 25088.000 17.688 0.000 0.000 0.000 0.000 2048.000 1.444
362656.000 257.188 0.000 0.000 13008.000 9.225 2760.000 1.957 0.000 0.000
437440.000 313.204 0.000 0.000 0.000 0.000 0.000 0.000 0.000 0.000
443968.000 314.936 0.000 0.000 0.000 0.000 0.000 0.000 0.000 0.000
456896.000 310.814 0.000 0.000 0.000 0.000 0.000 0.000 0.000 0.000
445312.000 316.223 0.000 0.000 0.000 0.000 0.000 0.000 0.000 0.000
445296.000 316.331 0.000 0.000 0.000 0.000 0.000 0.000 0.000 0.000
447296.000 317.357 0.000 0.000 0.000 0.000 0.000 0.000 0.000 0.000
447552.000 316.191 0.000 0.000 0.000 0.000 0.000 0.000 0.000 0.000
443200.000 316.039 0.000 0.000 0.000 0.000 0.000 0.000 0.000 0.000
445248.000 317.807 0.000 0.000 0.000 0.000 0.000 0.000 0.000 0.000
444080.000 300.255 0.000 0.000 0.000 0.000 0.000 0.000 0.000 0.000
417344.000 272.954 25088.000 16.408 0.000 0.000 0.000 0.000 2048.000 1.339
446768.000 315.936 0.000 0.000 0.000 0.000 0.000 0.000 0.000 0.000
442048.000 316.307 0.000 0.000 0.000 0.000 0.000 0.000 0.000 0.000
445120.000 317.093 0.000 0.000 0.000 0.000 0.000 0.000 0.000 0.000
444096.000 316.544 0.000 0.000 0.000 0.000 0.000 0.000 0.000 0.000
442432.000 315.955 0.000 0.000 0.000 0.000 0.000 0.000 0.000 0.000
459968.000 311.877 0.000 0.000 0.000 0.000 0.000 0.000 0.000 0.000
444864.000 315.932 0.000 0.000 0.000 0.000 0.000 0.000 0.000 0.000
445616.000 316.260 0.000 0.000 0.000 0.000 0.000 0.000 0.000 0.000
440896.000 315.512 0.000 0.000 0.000 0.000 0.000 0.000 0.000 0.000
389664.000 280.338 12544.000 9.025 0.000 0.000 0.000 0.000 2048.000 1.473
177744.000 126.039 12544.000 8.895 13008.000 9.224 2760.000 1.957 0.000 0.000
433088.000 310.319 0.000 0.000 0.000 0.000 0.000 0.000 0.000 0.000
450112.000 308.573 0.000 0.000 0.000 0.000 0.000 0.000 0.000 0.000
445312.000 314.755 0.000 0.000 0.000 0.000 0.000 0.000 0.000 0.000
447984.000 317.220 0.000 0.000 0.000 0.000 0.000 0.000 0.000 0.000
448832.000 315.679 0.000 0.000 0.000 0.000 0.000 0.000 0.000 0.000
443840.000 316.692 0.000 0.000 0.000 0.000 0.000 0.000 0.000 0.000
448448.000 316.053 0.000 0.000 0.000 0.000 0.000 0.000 0.000 0.000
443328.000 316.374 0.000 0.000 0.000 0.000 0.000 0.000 0.000 0.000
456256.000 311.893 0.000 0.000 0.000 0.000 0.000 0.000 0.000 0.000
447808.000 315.769 0.000 0.000 0.000 0.000 0.000 0.000 0.000 0.000
410928.000 262.575 25088.000 16.031 0.000 0.000 0.000 0.000 2048.000 1.309
443712.000 313.844 0.000 0.000 0.000 0.000 0.000 0.000 0.000 0.000
445744.000 316.068 0.000 0.000 0.000 0.000 0.000 0.000 0.000 0.000
442432.000 315.644 0.000 0.000 0.000 0.000 0.000 0.000 0.000 0.000
440512.000 314.530 0.000 0.000 0.000 0.000 0.000 0.000 0.000 0.000
456128.000 312.235 0.000 0.000 0.000 0.000 0.000 0.000 0.000 0.000
446912.000 315.620 0.000 0.000 0.000 0.000 0.000 0.000 0.000 0.000
444608.000 315.553 0.000 0.000 0.000 0.000 0.000 0.000 0.000 0.000
443312.000 316.889 0.000 0.000 0.000 0.000 0.000 0.000 0.000 0.000
444736.000 316.419 0.000 0.000 0.000 0.000 0.000 0.000 0.000 0.000
446016.000 317.637 0.000 0.000 0.000 0.000 0.000 0.000 0.000 0.000
256560.000 179.766 25088.000 17.579 1488.000 1.043 968.000 0.678 2048.000 1.435
498176.000 342.865 0.000 0.000 0.000 0.000 0.000 0.000 0.000 0.000
399488.000 282.340 25088.000 17.731 0.000 0.000 0.000 0.000 2048.000 1.447
264576.000 184.040 25088.000 17.451 1488.000 1.035 968.000 0.673 2048.000 1.425
498176.000 350.135 0.000 0.000 0.000 0.000 0.000 0.000 0.000 0.000
384128.000 274.941 25088.000 17.957 0.000 0.000 0.000 0.000 2048.000 1.466
327552.000 232.480 25088.000 17.806 0.000 0.000 0.000 0.000 2048.000 1.454
440576.000 310.022 0.000 0.000 1488.000 1.047 968.000 0.681 0.000 0.000
380416.000 273.323 25088.000 18.025 0.000 0.000 0.000 0.000 2048.000 1.471
428288.000 291.444 12544.000 8.536 0.000 0.000 0.000 0.000 2048.000 1.394
356480.000 249.268 12544.000 8.771 1488.000 1.040 968.000 0.677 0.000 0.000
381696.000 275.281 25088.000 18.094 0.000 0.000 0.000 0.000 2048.000 1.477
494208.000 352.444 0.000 0.000 0.000 0.000 0.000 0.000 0.000 0.000
242432.000 170.714 25088.000 17.666 2704.000 1.904 968.000 0.682 2048.000 1.442
456704.000 292.455 25088.000 16.065 0.000 0.000 0.000 0.000 2048.000 1.311
521856.000 348.746 0.000 0.000 0.000 0.000 0.000 0.000 0.000 0.000
399488.000 281.895 25088.000 17.703 0.000 0.000 0.000 0.000 2048.000 1.445
398208.000 285.767 25088.000 18.004 0.000 0.000 0.000 0.000 2048.000 1.470
496768.000 351.331 0.000 0.000 0.000 0.000 0.000 0.000 0.000 0.000
0.000 0.000 25088.000 19.316 0.000 0.000 0.000 0.000 2048.000 1.577
