35072.000 29.043 0.000 0.000 1280.000 1.060 1808.000 1.497 0.000 0.000
401664.000 270.415 0.000 0.000 0.000 0.000 0.000 0.000 0.000 0.000
177408.000 127.713 62720.000 45.151 2864.000 2.062 356.000 0.256 3200.000 2.304
179008.000 127.829 47040.000 33.591 1440.000 1.028 2140.000 1.528 3840.000 2.742
282944.000 189.064 0.000 0.000 0.000 0.000 0.000 0.000 0.000 0.000
297344.000 208.988 0.000 0.000 0.000 0.000 0.000 0.000 0.000 0.000
277952.000 198.830 0.000 0.000 0.000 0.000 0.000 0.000 0.000 0.000
269344.000 192.114 0.000 0.000 0.000 0.000 0.000 0.000 0.000 0.000
303008.000 217.378 0.000 0.000 0.000 0.000 0.000 0.000 0.000 0.000
240336.000 161.306 19600.000 13.155 256.000 0.172 740.000 0.497 3200.000 2.148
179600.000 128.041 39200.000 27.947 256.000 0.183 740.000 0.528 6400.000 4.563
264480.000 173.517 19600.000 12.859 480.000 0.315 1476.000 0.968 3200.000 2.099
94720.000 65.445 26656.000 18.417 4496.000 3.106 36.000 0.025 29824.000 20.606
175152.000 125.177 12544.000 8.965 1408.000 1.006 2136.000 1.527 50176.000 35.860
284880.000 202.910 0.000 0.000 0.000 0.000 0.000 0.000 0.000 0.000
269136.000 192.075 0.000 0.000 0.000 0.000 0.000 0.000 0.000 0.000
271440.000 193.865 0.000 0.000 0.000 0.000 0.000 0.000 0.000 0.000
291408.000 198.378 0.000 0.000 0.000 0.000 0.000 0.000 0.000 0.000
225840.000 148.059 19600.000 12.850 1408.000 0.923 2136.000 1.400 1600.000 1.049
291920.000 207.775 0.000 0.000 0.000 0.000 0.000 0.000 0.000 0.000
278864.000 199.751 0.000 0.000 0.000 0.000 0.000 0.000 0.000 0.000
270416.000 193.244 0.000 0.000 0.000 0.000 0.000 0.000 0.000 0.000
275792.000 195.705 0.000 0.000 0.000 0.000 0.000 0.000 0.000 0.000
284224.000 202.520 0.000 0.000 0.000 0.000 0.000 0.000 0.000 0.000
217280.000 152.057 19600.000 13.716 1408.000 0.985 2136.000 1.495 1600.000 1.120
308176.000 197.041 0.000 0.000 0.000 0.000 0.000 0.000 0.000 0.000
291920.000 196.406 0.000 0.000 0.000 0.000 0.000 0.000 0.000 0.000
282448.000 201.149 0.000 0.000 0.000 0.000 0.000 0.000 0.000 0.000
270672.000 194.098 0.000 0.000 0.000 0.000 0.000 0.000 0.000 0.000
89104.000 61.614 19600.000 13.553 0.000 0.000 0.000 0.000 1600.000 1.106
