111872.000 86.476 0.000 0.000 7312.000 5.652 128.000 0.099 0.000 0.000
344752.000 239.198 25088.000 17.407 0.000 0.000 0.000 0.000 1024.000 0.710
301856.000 225.368 50176.000 37.462 0.000 0.000 0.000 0.000 2048.000 1.529
222512.000 160.664 25088.000 18.115 0.000 0.000 0.000 0.000 1024.000 0.739
0.000 0.000 784.000 0.486 3168.000 1.963 16.000 0.010 15232.000 9.440
0.000 0.000 24304.000 16.357 0.000 0.000 0.000 0.000 386176.000 259.895
383488.000 264.805 25088.000 17.324 1568.000 1.083 972.000 0.671 4096.000 2.828
308224.000 192.669 25088.000 15.682 2832.000 1.770 968.000 0.605 4096.000 2.560
502016.000 350.403 0.000 0.000 0.000 0.000 0.000 0.000 0.000 0.000
409088.000 273.652 25088.000 16.782 0.000 0.000 0.000 0.000 2048.000 1.370
391296.000 278.067 25088.000 17.828 0.000 0.000 0.000 0.000 2048.000 1.455
504448.000 352.768 0.000 0.000 0.000 0.000 0.000 0.000 0.000 0.000
391936.000 279.880 25088.000 17.915 0.000 0.000 0.000 0.000 2048.000 1.462
232704.000 158.805 25088.000 17.121 0.000 0.000 0.000 0.000 2048.000 1.398
504576.000 333.778 0.000 0.000 1120.000 0.741 968.000 0.640 0.000 0.000
491776.000 352.088 0.000 0.000 0.000 0.000 0.000 0.000 0.000 0.000
281728.000 198.965 25088.000 17.718 2832.000 2.000 968.000 0.684 2048.000 1.446
421376.000 282.674 25088.000 16.830 0.000 0.000 0.000 0.000 2048.000 1.374
402560.000 283.017 25088.000 17.638 0.000 0.000 0.000 0.000 2048.000 1.440
396544.000 282.260 25088.000 17.858 0.000 0.000 0.000 0.000 2048.000 1.458
217088.000 150.370 25088.000 17.378 2192.000 1.518 968.000 0.671 2048.000 1.419
663552.000 339.835 0.000 0.000 0.000 0.000 0.000 0.000 0.000 0.000
395648.000 286.766 25088.000 18.184 0.000 0.000 0.000 0.000 2048.000 1.484
494464.000 353.618 0.000 0.000 0.000 0.000 0.000 0.000 0.000 0.000
492288.000 354.731 0.000 0.000 0.000 0.000 0.000 0.000 0.000 0.000
275584.000 191.940 25088.000 17.473 1616.000 1.126 972.000 0.677 2048.000 1.426
529152.000 348.339 0.000 0.000 0.000 0.000 0.000 0.000 0.000 0.000
390656.000 260.536 25088.000 16.732 0.000 0.000 0.000 0.000 4096.000 2.732
289408.000 201.591 25088.000 17.475 0.000 0.000 0.000 0.000 4096.000 2.853
465536.000 322.402 0.000 0.000 1616.000 1.119 972.000 0.673 0.000 0.000
370432.000 263.880 25088.000 17.872 0.000 0.000 0.000 0.000 4096.000 2.918
413312.000 295.181 12544.000 8.959 0.000 0.000 0.000 0.000 4096.000 2.925
347648.000 241.918 12544.000 8.729 1616.000 1.125 972.000 0.676 0.000 0.000
375808.000 267.698 25088.000 17.871 0.000 0.000 0.000 0.000 4096.000 2.918
516864.000 345.541 0.000 0.000 0.000 0.000 0.000 0.000 0.000 0.000
106160.000 74.938 25088.000 17.710 13008.000 9.182 2760.000 1.948 4096.000 2.891
464960.000 307.448 0.000 0.000 0.000 0.000 0.000 0.000 0.000 0.000
447552.000 312.796 0.000 0.000 0.000 0.000 0.000 0.000 0.000 0.000
448448.000 316.307 0.000 0.000 0.000 0.000 0.000 0.000 0.000 0.000
449344.000 316.230 0.000 0.000 0.000 0.000 0.000 0.000 0.000 0.000
445888.000 316.619 0.000 0.000 0.000 0.000 0.000 0.000 0.000 0.000
465600.000 311.195 0.000 0.000 0.000 0.000 0.000 0.000 0.000 0.000
447808.000 316.472 0.000 0.000 0.000 0.000 0.000 0.000 0.000 0.000
450624.000 315.727 0.000 0.000 0.000 0.000 0.000 0.000 0.000 0.000
447552.000 315.495 0.000 0.000 0.000 0.000 0.000 0.000 0.000 0.000
449984.000 316.267 0.000 0.000 0.000 0.000 0.000 0.000 0.000 0.000
367392.000 259.562 25088.000 17.725 0.000 0.000 0.000 0.000 2048.000 1.447
463680.000 317.150 0.000 0.000 0.000 0.000 0.000 0.000 0.000 0.000
467024.000 310.782 0.000 0.000 0.000 0.000 0.000 0.000 0.000 0.000
451136.000 314.508 0.000 0.000 0.000 0.000 0.000 0.000 0.000 0.000
451776.000 315.585 0.000 0.000 0.000 0.000 0.000 0.000 0.000 0.000
451264.000 316.370 0.000 0.000 0.000 0.000 0.000 0.000 0.000 0.000
448944.000 316.403 0.000 0.000 0.000 0.000 0.000 0.000 0.000 0.000
448192.000 316.661 0.000 0.000 0.000 0.000 0.000 0.000 0.000 0.000
451008.000 317.122 0.000 0.000 0.000 0.000 0.000 0.000 0.000 0.000
465872.000 311.127 0.000 0.000 0.000 0.000 0.000 0.000 0.000 0.000
452672.000 316.037 0.000 0.000 0.000 0.000 0.000 0.000 0.000 0.000
134576.000 94.652 25088.000 17.645 13008.000 9.149 2760.000 1.941 2048.000 1.440
436544.000 307.181 0.000 0.000 0.000 0.000 0.000 0.000 0.000 0.000
480720.000 309.445 0.000 0.000 0.000 0.000 0.000 0.000 0.000 0.000
448192.000 314.243 0.000 0.000 0.000 0.000 0.000 0.000 0.000 0.000
448432.000 315.908 0.000 0.000 0.000 0.000 0.000 0.000 0.000 0.000
464592.000 310.253 0.000 0.000 0.000 0.000 0.000 0.000 0.000 0.000
446912.000 315.591 0.000 0.000 0.000 0.000 0.000 0.000 0.000 0.000
446400.000 315.381 0.000 0.000 0.000 0.000 0.000 0.000 0.000 0.000
447920.000 317.035 0.000 0.000 0.000 0.000 0.000 0.000 0.000 0.000
448576.000 317.457 0.000 0.000 0.000 0.000 0.000 0.000 0.000 0.000
448960.000 315.642 0.000 0.000 0.000 0.000 0.000 0.000 0.000 0.000
364832.000 261.804 25088.000 18.003 0.000 0.000 0.000 0.000 2048.000 1.470
465600.000 311.622 0.000 0.000 0.000 0.000 0.000 0.000 0.000 0.000
449984.000 315.902 0.000 0.000 0.000 0.000 0.000 0.000 0.000 0.000
454208.000 316.733 0.000 0.000 0.000 0.000 0.000 0.000 0.000 0.000
451392.000 316.620 0.000 0.000 0.000 0.000 0.000 0.000 0.000 0.000
483280.000 311.892 0.000 0.000 0.000 0.000 0.000 0.000 0.000 0.000
448704.000 315.504 0.000 0.000 0.000 0.000 0.000 0.000 0.000 0.000
447296.000 316.744 0.000 0.000 0.000 0.000 0.000 0.000 0.000 0.000
471760.000 310.319 0.000 0.000 0.000 0.000 0.000 0.000 0.000 0.000
448816.000 316.540 0.000 0.000 0.000 0.000 0.000 0.000 0.000 0.000
447680.000 317.045 0.000 0.000 0.000 0.000 0.000 0.000 0.000 0.000
156224.000 111.131 25088.000 17.847 0.000 0.000 0.000 0.000 2048.000 1.457
421568.000 295.032 0.000 0.000 12944.000 9.059 1584.000 1.109 0.000 0.000
444448.000 313.345 0.000 0.000 0.000 0.000 0.000 0.000 0.000 0.000
448720.000 315.675 0.000 0.000 0.000 0.000 0.000 0.000 0.000 0.000
465744.000 309.267 0.000 0.000 0.000 0.000 0.000 0.000 0.000 0.000
449600.000 316.343 0.000 0.000 0.000 0.000 0.000 0.000 0.000 0.000
445504.000 316.180 0.000 0.000 0.000 0.000 0.000 0.000 0.000 0.000
449648.000 316.625 0.000 0.000 0.000 0.000 0.000 0.000 0.000 0.000
448768.000 316.589 0.000 0.000 0.000 0.000 0.000 0.000 0.000 0.000
449216.000 316.802 0.000 0.000 0.000 0.000 0.000 0.000 0.000 0.000
468304.000 314.292 0.000 0.000 0.000 0.000 0.000 0.000 0.000 0.000
441280.000 294.412 8192.000 5.466 0.000 0.000 0.000 0.000 2048.000 1.366
448560.000 316.523 0.000 0.000 0.000 0.000 0.000 0.000 0.000 0.000
449856.000 315.899 0.000 0.000 0.000 0.000 0.000 0.000 0.000 0.000
450752.000 316.087 0.000 0.000 0.000 0.000 0.000 0.000 0.000 0.000
453568.000 316.335 0.000 0.000 0.000 0.000 0.000 0.000 0.000 0.000
451264.000 316.386 0.000 0.000 0.000 0.000 0.000 0.000 0.000 0.000
450368.000 317.523 0.000 0.000 0.000 0.000 0.000 0.000 0.000 0.000
467664.000 310.829 0.000 0.000 0.000 0.000 0.000 0.000 0.000 0.000
448576.000 316.744 0.000 0.000 0.000 0.000 0.000 0.000 0.000 0.000
455104.000 317.737 0.000 0.000 0.000 0.000 0.000 0.000 0.000 0.000
446784.000 315.992 0.000 0.000 0.000 0.000 0.000 0.000 0.000 0.000
182592.000 123.696 8192.000 5.550 0.000 0.000 0.000 0.000 2048.000 1.387
