97920.000 83.131 52560.000 44.622 15280.000 12.972 32.000 0.027 6400.000 5.433
127296.000 95.183 75920.000 56.768 0.000 0.000 0.000 0.000 8000.000 5.982
117504.000 91.330 70080.000 54.470 0.000 0.000 0.000 0.000 8000.000 6.218
117504.000 91.770 71248.000 55.644 0.000 0.000 0.000 0.000 7680.000 5.998
127296.000 95.429 74752.000 56.039 0.000 0.000 0.000 0.000 8320.000 6.237
127296.000 91.961 75920.000 54.846 0.000 0.000 0.000 0.000 8320.000 6.011
0.000 0.000 5840.000 3.758 0.000 0.000 0.000 0.000 0.000 0.000
0.000 0.000 0.000 0.000 0.000 0.000 0.000 0.000 0.000 0.000
346560.000 245.095 13632.000 9.641 22528.000 15.932 168.000 0.119 768.000 0.543
406272.000 291.410 40896.000 29.334 2048.000 1.469 0.000 0.000 2304.000 1.653
422784.000 323.215 27264.000 20.843 1536.000 1.174 0.000 0.000 1536.000 1.174
383904.000 298.222 29000.000 22.528 1792.000 1.392 0.000 0.000 2304.000 1.790
437600.000 314.302 39152.000 28.121 1792.000 1.287 0.000 0.000 1536.000 1.103
422144.000 323.316 27264.000 20.881 1536.000 1.176 0.000 0.000 1536.000 1.176
370544.000 287.148 40896.000 31.692 2048.000 1.587 0.000 0.000 2304.000 1.785
419376.000 323.988 27264.000 21.063 1536.000 1.187 0.000 0.000 1536.000 1.187
3074352.000 308.426 245376.000 24.617 13056.000 1.310 0.000 0.000 13824.000 1.387
457184.000 324.152 27264.000 19.331 1792.000 1.271 0.000 0.000 1536.000 1.089
374176.000 286.971 40896.000 31.365 1792.000 1.374 0.000 0.000 2304.000 1.767
414976.000 321.964 27264.000 21.153 960.000 0.745 0.000 0.000 1536.000 1.192
436528.000 324.981 27264.000 20.297 0.000 0.000 0.000 0.000 1536.000 1.144
370928.000 288.532 40896.000 31.812 0.000 0.000 0.000 0.000 2304.000 1.792
420144.000 324.388 27264.000 21.050 0.000 0.000 0.000 0.000 1536.000 1.186
414592.000 323.574 27264.000 21.279 0.000 0.000 0.000 0.000 1536.000 1.199
366960.000 286.629 40896.000 31.944 0.000 0.000 0.000 0.000 2304.000 1.800
413056.000 323.413 27264.000 21.347 0.000 0.000 0.000 0.000 1536.000 1.203
423424.000 323.865 27264.000 20.853 0.000 0.000 0.000 0.000 1536.000 1.175
367856.000 288.153 34344.000 26.903 0.000 0.000 0.000 0.000 2304.000 1.805
470496.000 328.105 33808.000 23.576 0.000 0.000 0.000 0.000 1536.000 1.071
395904.000 306.871 27264.000 21.133 0.000 0.000 0.000 0.000 1920.000 1.488
391632.000 305.173 40896.000 31.868 0.000 0.000 0.000 0.000 1920.000 1.496
301488.000 227.272 27264.000 20.553 0.000 0.000 0.000 0.000 1536.000 1.158
