583040.000 91.101 25088.000 3.920 2384.000 0.373 1472.000 0.230 1024.000 0.160
113280.000 82.229 25088.000 18.211 0.000 0.000 0.000 0.000 1024.000 0.743
0.000 0.000 0.000 0.000 0.000 0.000 0.000 0.000 0.000 0.000
0.000 0.000 0.000 0.000 0.000 0.000 0.000 0.000 0.000 0.000
1064960.000 164.920 200704.000 31.081 9104.000 1.410 580.000 0.090 8192.000 1.269
0.000 0.000 0.000 0.000 0.000 0.000 0.000 0.000 0.000 0.000
0.000 0.000 0.000 0.000 0.000 0.000 0.000 0.000 0.000 0.000
1265056.000 224.292 50176.000 8.896 7712.000 1.367 2052.000 0.364 2048.000 0.363
219872.000 149.958 25088.000 17.111 0.000 0.000 0.000 0.000 512.000 0.349
234688.000 172.867 0.000 0.000 0.000 0.000 0.000 0.000 0.000 0.000
135872.000 103.478 25088.000 19.107 0.000 0.000 0.000 0.000 512.000 0.390
0.000 0.000 0.000 0.000 0.000 0.000 0.000 0.000 0.000 0.000
790528.000 134.010 50176.000 8.506 3792.000 0.643 1472.000 0.250 1024.000 0.174
0.000 0.000 0.000 0.000 0.000 0.000 0.000 0.000 0.000 0.000
0.000 0.000 0.000 0.000 0.000 0.000 0.000 0.000 0.000 0.000
0.000 0.000 0.000 0.000 0.000 0.000 0.000 0.000 0.000 0.000
1319760.000 207.778 134848.000 21.230 7472.000 1.176 3744.000 0.589 54272.000 8.544
460416.000 309.909 0.000 0.000 0.000 0.000 0.000 0.000 0.000 0.000
313776.000 227.993 18816.000 13.672 0.000 0.000 0.000 0.000 3072.000 2.232
0.000 0.000 0.000 0.000 0.000 0.000 0.000 0.000 0.000 0.000
1364736.000 234.982 18816.000 3.240 2720.000 0.468 2092.000 0.360 3072.000 0.529
0.000 0.000 0.000 0.000 0.000 0.000 0.000 0.000 0.000 0.000
0.000 0.000 0.000 0.000 0.000 0.000 0.000 0.000 0.000 0.000
0.000 0.000 0.000 0.000 0.000 0.000 0.000 0.000 0.000 0.000
43392.000 29.743 3136.000 2.150 240.000 0.165 148.000 0.101 256.000 0.175
