129024.000 18.655 200704.000 29.019 3072.000 0.444 176.000 0.025 7168.000 1.036
0.000 0.000 0.000 0.000 0.000 0.000 0.000 0.000 0.000 0.000
0.000 0.000 0.000 0.000 0.000 0.000 0.000 0.000 0.000 0.000
717824.000 113.242 119168.000 18.800 4208.000 0.664 780.000 0.123 312704.000 49.331
0.000 0.000 6272.000 4.567 0.000 0.000 0.000 0.000 90752.000 66.075
0.000 0.000 0.000 0.000 0.000 0.000 0.000 0.000 0.000 0.000
0.000 0.000 0.000 0.000 0.000 0.000 0.000 0.000 0.000 0.000
1060864.000 178.059 151624.000 25.449 10800.000 1.813 2048.000 0.344 3584.000 0.602
399360.000 298.960 74160.000 55.516 0.000 0.000 0.000 0.000 1280.000 0.958
0.000 0.000 25088.000 18.827 0.000 0.000 0.000 0.000 256.000 0.192
0.000 0.000 0.000 0.000 0.000 0.000 0.000 0.000 0.000 0.000
624640.000 85.477 75264.000 10.299 6976.000 0.955 984.000 0.135 804864.000 110.139
0.000 0.000 0.000 0.000 0.000 0.000 0.000 0.000 0.000 0.000
0.000 0.000 0.000 0.000 0.000 0.000 0.000 0.000 0.000 0.000
1609776.000 272.254 0.000 0.000 3424.000 0.579 2760.000 0.467 0.000 0.000
447808.000 316.454 0.000 0.000 0.000 0.000 0.000 0.000 0.000 0.000
351888.000 255.256 25088.000 18.199 0.000 0.000 0.000 0.000 2048.000 1.486
0.000 0.000 0.000 0.000 0.000 0.000 0.000 0.000 0.000 0.000
1249280.000 215.387 100352.000 17.302 2832.000 0.488 968.000 0.167 8192.000 1.412
0.000 0.000 0.000 0.000 0.000 0.000 0.000 0.000 0.000 0.000
0.000 0.000 0.000 0.000 0.000 0.000 0.000 0.000 0.000 0.000
0.000 0.000 0.000 0.000 0.000 0.000 0.000 0.000 0.000 0.000
1546240.000 264.761 25088.000 4.296 2256.000 0.386 968.000 0.166 2048.000 0.351
499456.000 352.169 0.000 0.000 0.000 0.000 0.000 0.000 0.000 0.000
452864.000 332.751 0.000 0.000 0.000 0.000 0.000 0.000 0.000 0.000
0.000 0.000 25088.000 19.853 0.000 0.000 0.000 0.000 2048.000 1.621
0.000 0.000 16384.000 4.341 11360.000 3.010 36.000 0.010 200704.000 53.172
