58432.000 49.459 0.000 0.000 15264.000 12.920 800.000 0.677 0.000 0.000
224768.000 160.541 0.000 0.000 0.000 0.000 0.000 0.000 0.000 0.000
169920.000 130.089 25088.000 19.207 0.000 0.000 0.000 0.000 512.000 0.392
209984.000 161.382 0.000 0.000 0.000 0.000 0.000 0.000 0.000 0.000
168768.000 130.554 25088.000 19.407 0.000 0.000 0.000 0.000 512.000 0.396
210304.000 160.442 0.000 0.000 0.000 0.000 0.000 0.000 0.000 0.000
181248.000 132.929 25088.000 18.400 0.000 0.000 0.000 0.000 512.000 0.376
203904.000 156.494 0.000 0.000 0.000 0.000 0.000 0.000 0.000 0.000
169920.000 132.483 25088.000 19.561 0.000 0.000 0.000 0.000 512.000 0.399
215232.000 158.065 0.000 0.000 0.000 0.000 0.000 0.000 0.000 0.000
169920.000 131.122 25088.000 19.360 0.000 0.000 0.000 0.000 512.000 0.395
192576.000 149.506 0.000 0.000 0.000 0.000 0.000 0.000 128.000 0.099
181248.000 141.453 25088.000 19.580 0.000 0.000 0.000 0.000 384.000 0.300
181248.000 140.224 0.000 0.000 0.000 0.000 0.000 0.000 256.000 0.198
221632.000 152.512 25088.000 17.264 0.000 0.000 0.000 0.000 256.000 0.176
140736.000 107.750 25088.000 19.208 0.000 0.000 0.000 0.000 512.000 0.392
45312.000 31.345 0.000 0.000 15248.000 10.548 800.000 0.553 0.000 0.000
226560.000 161.948 0.000 0.000 0.000 0.000 0.000 0.000 0.000 0.000
168512.000 129.296 25088.000 19.250 0.000 0.000 0.000 0.000 512.000 0.393
205312.000 157.284 0.000 0.000 0.000 0.000 0.000 0.000 0.000 0.000
169920.000 131.695 25088.000 19.444 0.000 0.000 0.000 0.000 512.000 0.397
219072.000 159.599 0.000 0.000 0.000 0.000 0.000 0.000 0.000 0.000
171456.000 130.886 25088.000 19.152 0.000 0.000 0.000 0.000 512.000 0.391
209856.000 160.798 0.000 0.000 0.000 0.000 0.000 0.000 0.000 0.000
169920.000 131.494 25088.000 19.415 0.000 0.000 0.000 0.000 512.000 0.396
205504.000 156.516 0.000 0.000 0.000 0.000 0.000 0.000 0.000 0.000
182272.000 132.682 25088.000 18.262 0.000 0.000 0.000 0.000 512.000 0.373
201280.000 154.777 0.000 0.000 0.000 0.000 0.000 0.000 0.000 0.000
176448.000 137.745 25088.000 19.585 0.000 0.000 0.000 0.000 512.000 0.400
186048.000 129.229 12544.000 8.713 0.000 0.000 0.000 0.000 512.000 0.356
215232.000 164.757 12544.000 9.602 0.000 0.000 0.000 0.000 0.000 0.000
147264.000 114.011 25088.000 19.423 0.000 0.000 0.000 0.000 512.000 0.396
33984.000 23.481 0.000 0.000 15248.000 10.536 800.000 0.553 0.000 0.000
215232.000 160.664 0.000 0.000 0.000 0.000 0.000 0.000 0.000 0.000
169920.000 129.964 25088.000 19.189 0.000 0.000 0.000 0.000 512.000 0.392
212288.000 162.420 0.000 0.000 0.000 0.000 0.000 0.000 0.000 0.000
184192.000 129.941 25088.000 17.699 0.000 0.000 0.000 0.000 512.000 0.361
215232.000 163.280 0.000 0.000 0.000 0.000 0.000 0.000 0.000 0.000
169920.000 130.924 25088.000 19.330 0.000 0.000 0.000 0.000 512.000 0.394
203904.000 157.384 0.000 0.000 0.000 0.000 0.000 0.000 0.000 0.000
169920.000 131.503 25088.000 19.416 0.000 0.000 0.000 0.000 512.000 0.396
208832.000 159.372 0.000 0.000 0.000 0.000 0.000 0.000 0.000 0.000
166912.000 128.837 25088.000 19.365 0.000 0.000 0.000 0.000 512.000 0.395
209344.000 162.102 0.000 0.000 0.000 0.000 0.000 0.000 0.000 0.000
184960.000 133.743 25088.000 18.141 0.000 0.000 0.000 0.000 512.000 0.370
192832.000 147.818 0.000 0.000 0.000 0.000 0.000 0.000 0.000 0.000
181248.000 140.653 25088.000 19.469 0.000 0.000 0.000 0.000 512.000 0.397
181248.000 130.948 12544.000 9.063 0.000 0.000 0.000 0.000 512.000 0.370
21632.000 14.991 12544.000 8.693 15248.000 10.567 800.000 0.554 0.000 0.000
212672.000 158.671 0.000 0.000 0.000 0.000 0.000 0.000 0.000 0.000
173504.000 131.146 25088.000 18.963 0.000 0.000 0.000 0.000 512.000 0.387
216576.000 157.486 0.000 0.000 0.000 0.000 0.000 0.000 0.000 0.000
171072.000 130.735 25088.000 19.173 0.000 0.000 0.000 0.000 512.000 0.391
212736.000 162.747 0.000 0.000 0.000 0.000 0.000 0.000 0.000 0.000
169920.000 131.593 25088.000 19.429 0.000 0.000 0.000 0.000 512.000 0.397
203904.000 156.918 0.000 0.000 0.000 0.000 0.000 0.000 0.000 0.000
169920.000 131.454 25088.000 19.409 0.000 0.000 0.000 0.000 512.000 0.396
209280.000 159.797 0.000 0.000 0.000 0.000 0.000 0.000 0.000 0.000
166720.000 128.740 25088.000 19.373 0.000 0.000 0.000 0.000 512.000 0.395
246784.000 163.689 0.000 0.000 0.000 0.000 0.000 0.000 0.000 0.000
166208.000 128.190 25088.000 19.349 0.000 0.000 0.000 0.000 512.000 0.395
196544.000 150.490 0.000 0.000 0.000 0.000 0.000 0.000 0.000 0.000
181248.000 139.710 25088.000 19.338 0.000 0.000 0.000 0.000 512.000 0.395
181248.000 140.223 0.000 0.000 0.000 0.000 0.000 0.000 256.000 0.198
46544.000 32.402 25088.000 17.465 7312.000 5.090 128.000 0.089 256.000 0.178
321584.000 238.336 25088.000 18.593 0.000 0.000 0.000 0.000 1024.000 0.759
358416.000 258.212 25088.000 18.074 0.000 0.000 0.000 0.000 1024.000 0.738
254448.000 190.685 50176.000 37.602 0.000 0.000 0.000 0.000 2048.000 1.535
0.000 0.000 0.000 0.000 0.000 0.000 0.000 0.000 0.000 0.000
0.000 0.000 19600.000 13.623 3168.000 2.202 16.000 0.011 316544.000 220.016
231280.000 161.576 5488.000 3.834 3488.000 2.437 2764.000 1.931 84864.000 59.287
439472.000 309.344 0.000 0.000 0.000 0.000 0.000 0.000 0.000 0.000
442944.000 315.249 0.000 0.000 0.000 0.000 0.000 0.000 0.000 0.000
500048.000 307.030 0.000 0.000 0.000 0.000 0.000 0.000 0.000 0.000
444992.000 315.132 0.000 0.000 0.000 0.000 0.000 0.000 0.000 0.000
350736.000 253.393 25088.000 18.125 0.000 0.000 0.000 0.000 4096.000 2.959
312320.000 223.224 0.000 0.000 3088.000 2.207 972.000 0.695 2048.000 1.464
339712.000 249.640 50176.000 36.872 0.000 0.000 0.000 0.000 6144.000 4.515
379904.000 276.252 25088.000 18.243 0.000 0.000 0.000 0.000 4096.000 2.978
217344.000 149.854 25088.000 17.298 0.000 0.000 0.000 0.000 4096.000 2.824
477696.000 328.926 0.000 0.000 2384.000 1.642 972.000 0.669 0.000 0.000
483072.000 352.466 0.000 0.000 0.000 0.000 0.000 0.000 0.000 0.000
359936.000 263.144 25088.000 18.341 0.000 0.000 0.000 0.000 4096.000 2.995
483072.000 357.908 0.000 0.000 0.000 0.000 0.000 0.000 0.000 0.000
484864.000 357.857 0.000 0.000 0.000 0.000 0.000 0.000 0.000 0.000
236672.000 170.101 25088.000 18.031 800.000 0.575 972.000 0.699 4096.000 2.944
491136.000 350.799 0.000 0.000 0.000 0.000 0.000 0.000 0.000 0.000
262528.000 187.851 25088.000 17.952 1488.000 1.065 968.000 0.693 4096.000 2.931
410752.000 279.619 25088.000 17.079 0.000 0.000 0.000 0.000 2048.000 1.394
285184.000 192.518 25088.000 16.936 2960.000 1.998 972.000 0.656 2048.000 1.383
397568.000 286.453 12544.000 9.038 0.000 0.000 0.000 0.000 4096.000 2.951
482688.000 349.250 12544.000 9.076 0.000 0.000 0.000 0.000 0.000 0.000
372352.000 270.304 25088.000 18.212 0.000 0.000 0.000 0.000 4096.000 2.973
394240.000 288.181 12544.000 9.169 0.000 0.000 0.000 0.000 4096.000 2.994
484736.000 352.205 12544.000 9.114 0.000 0.000 0.000 0.000 0.000 0.000
221696.000 143.463 25088.000 16.235 1120.000 0.725 968.000 0.626 4096.000 2.651
483456.000 354.812 0.000 0.000 0.000 0.000 0.000 0.000 0.000 0.000
483712.000 353.632 0.000 0.000 0.000 0.000 0.000 0.000 0.000 0.000
200320.000 144.796 25872.000 18.701 5728.000 4.140 36.000 0.026 6528.000 4.719
0.000 0.000 24304.000 17.574 0.000 0.000 0.000 0.000 95872.000 69.322
