176000.000 147.375 0.000 0.000 18944.000 15.863 800.000 0.670 0.000 0.000
186496.000 136.458 12544.000 9.178 768.000 0.562 0.000 0.000 256.000 0.187
213440.000 164.803 12544.000 9.686 1280.000 0.988 0.000 0.000 0.000 0.000
175296.000 135.698 25088.000 19.421 768.000 0.595 0.000 0.000 256.000 0.198
216128.000 160.536 0.000 0.000 1024.000 0.761 0.000 0.000 0.000 0.000
234240.000 140.812 25088.000 15.082 1280.000 0.769 0.000 0.000 256.000 0.154
237056.000 160.108 0.000 0.000 1024.000 0.692 0.000 0.000 0.000 0.000
203904.000 139.801 25088.000 17.201 1024.000 0.702 0.000 0.000 256.000 0.176
190272.000 142.003 25088.000 18.724 1024.000 0.764 0.000 0.000 256.000 0.191
217536.000 158.281 0.000 0.000 1024.000 0.745 0.000 0.000 0.000 0.000
181248.000 139.325 25088.000 19.285 672.000 0.517 0.000 0.000 256.000 0.197
206144.000 158.140 0.000 0.000 0.000 0.000 0.000 0.000 0.000 0.000
1149120.000 149.023 75264.000 9.761 0.000 0.000 0.000 0.000 768.000 0.100
185344.000 139.459 25088.000 18.877 0.000 0.000 0.000 0.000 256.000 0.193
207168.000 158.420 0.000 0.000 0.000 0.000 0.000 0.000 0.000 0.000
250560.000 143.812 25088.000 14.400 0.000 0.000 0.000 0.000 256.000 0.147
187968.000 138.851 25088.000 18.532 0.000 0.000 0.000 0.000 256.000 0.189
224384.000 162.584 0.000 0.000 0.000 0.000 0.000 0.000 0.000 0.000
176704.000 136.683 25088.000 19.406 0.000 0.000 0.000 0.000 256.000 0.198
210624.000 160.905 0.000 0.000 0.000 0.000 0.000 0.000 0.000 0.000
181248.000 140.660 25088.000 19.470 0.000 0.000 0.000 0.000 256.000 0.199
203904.000 157.134 0.000 0.000 0.000 0.000 0.000 0.000 0.000 0.000
777744.000 105.429 50176.000 6.802 19968.000 2.707 128.000 0.017 512.000 0.069
365248.000 220.639 25088.000 15.155 2560.000 1.546 0.000 0.000 1024.000 0.619
321632.000 236.680 25088.000 18.462 2304.000 1.695 0.000 0.000 1024.000 0.754
391888.000 269.339 0.000 0.000 2192.000 1.507 0.000 0.000 512.000 0.352
359568.000 253.460 25088.000 17.685 0.000 0.000 0.000 0.000 512.000 0.361
318880.000 238.164 25088.000 18.738 0.000 0.000 0.000 0.000 1024.000 0.765
321152.000 237.670 25088.000 18.567 0.000 0.000 0.000 0.000 1024.000 0.758
384672.000 287.139 0.000 0.000 0.000 0.000 0.000 0.000 0.000 0.000
330416.000 250.710 25088.000 19.036 0.000 0.000 0.000 0.000 1024.000 0.777
330064.000 250.265 25088.000 19.022 0.000 0.000 0.000 0.000 1024.000 0.776
1374800.000 111.058 75264.000 6.080 24512.000 1.980 2800.000 0.226 803840.000 64.935
454208.000 295.689 0.000 0.000 0.000 0.000 0.000 0.000 0.000 0.000
445888.000 292.504 0.000 0.000 0.000 0.000 0.000 0.000 0.000 0.000
441920.000 314.406 0.000 0.000 0.000 0.000 0.000 0.000 0.000 0.000
456256.000 315.185 0.000 0.000 0.000 0.000 0.000 0.000 0.000 0.000
445760.000 315.857 0.000 0.000 0.000 0.000 0.000 0.000 0.000 0.000
1519232.000 285.120 0.000 0.000 0.000 0.000 0.000 0.000 0.000 0.000
346256.000 243.128 25088.000 17.616 0.000 0.000 0.000 0.000 4096.000 2.876
479312.000 281.821 0.000 0.000 0.000 0.000 0.000 0.000 0.000 0.000
440768.000 314.002 0.000 0.000 0.000 0.000 0.000 0.000 0.000 0.000
3365136.000 287.664 0.000 0.000 0.000 0.000 0.000 0.000 0.000 0.000
276080.000 186.971 25088.000 16.990 0.000 0.000 0.000 0.000 4096.000 2.774
292992.000 205.868 0.000 0.000 12944.000 9.095 2760.000 1.939 0.000 0.000
438720.000 311.509 0.000 0.000 0.000 0.000 0.000 0.000 0.000 0.000
441664.000 315.380 0.000 0.000 0.000 0.000 0.000 0.000 0.000 0.000
469440.000 312.491 0.000 0.000 0.000 0.000 0.000 0.000 0.000 0.000
443200.000 315.865 0.000 0.000 0.000 0.000 0.000 0.000 0.000 0.000
6827856.000 314.854 25088.000 1.157 0.000 0.000 0.000 0.000 2048.000 0.094
447808.000 314.846 0.000 0.000 0.000 0.000 0.000 0.000 0.000 0.000
276208.000 192.502 25088.000 17.485 0.000 0.000 0.000 0.000 2048.000 1.427
0.000 0.000 6144.000 4.262 11360.000 7.881 36.000 0.025 76736.000 53.234
0.000 0.000 10240.000 7.248 0.000 0.000 0.000 0.000 123968.000 87.744
