161760.000 134.640 25088.000 20.882 19456.000 16.194 360.000 0.300 256.000 0.213
225696.000 163.173 25088.000 18.138 1280.000 0.925 0.000 0.000 384.000 0.278
212080.000 162.670 50176.000 38.486 1280.000 0.982 0.000 0.000 384.000 0.295
173456.000 136.004 37632.000 29.507 1024.000 0.803 0.000 0.000 512.000 0.401
257664.000 188.271 37632.000 27.497 1280.000 0.935 0.000 0.000 256.000 0.187
186624.000 142.101 50176.000 38.205 1024.000 0.780 0.000 0.000 512.000 0.390
222976.000 171.710 25088.000 19.320 1280.000 0.986 0.000 0.000 384.000 0.296
215904.000 168.278 50176.000 39.108 1280.000 0.998 0.000 0.000 384.000 0.299
191648.000 149.472 37632.000 29.350 1024.000 0.799 0.000 0.000 512.000 0.399
255488.000 191.602 37632.000 28.222 1280.000 0.960 0.000 0.000 256.000 0.192
186368.000 143.764 50176.000 38.706 1024.000 0.790 0.000 0.000 512.000 0.395
240128.000 172.715 25088.000 18.045 1280.000 0.921 0.000 0.000 384.000 0.276
219520.000 170.436 50176.000 38.957 1280.000 0.994 0.000 0.000 384.000 0.298
188032.000 146.806 37632.000 29.381 1024.000 0.799 0.000 0.000 512.000 0.400
243152.000 190.115 37632.000 29.424 1280.000 1.001 0.000 0.000 256.000 0.200
185264.000 143.476 50176.000 38.858 1024.000 0.793 0.000 0.000 512.000 0.397
253568.000 194.822 25088.000 19.276 1024.000 0.787 0.000 0.000 256.000 0.197
202752.000 149.479 50176.000 36.992 1280.000 0.944 0.000 0.000 512.000 0.377
204800.000 158.747 28648.000 22.206 1280.000 0.992 0.000 0.000 448.000 0.347
255488.000 186.602 46608.000 34.041 1280.000 0.935 0.000 0.000 320.000 0.234
186368.000 143.985 50176.000 38.765 1024.000 0.791 0.000 0.000 512.000 0.396
240128.000 182.629 25088.000 19.081 1280.000 0.974 0.000 0.000 256.000 0.195
202752.000 157.038 50176.000 38.863 1024.000 0.793 0.000 0.000 512.000 0.397
204800.000 159.377 25088.000 19.524 1280.000 0.996 0.000 0.000 384.000 0.299
222608.000 174.773 50176.000 39.394 1024.000 0.804 0.000 0.000 384.000 0.301
184944.000 143.203 37632.000 29.139 1280.000 0.991 0.000 0.000 512.000 0.396
274432.000 191.560 37632.000 26.268 1280.000 0.893 0.000 0.000 256.000 0.179
202752.000 155.115 50176.000 38.387 1024.000 0.783 0.000 0.000 512.000 0.392
204800.000 158.740 25088.000 19.446 1280.000 0.992 0.000 0.000 384.000 0.298
227296.000 179.130 50176.000 39.543 1024.000 0.807 0.000 0.000 384.000 0.303
180256.000 139.930 37632.000 29.213 1280.000 0.994 0.000 0.000 512.000 0.397
252832.000 195.494 37632.000 29.098 1024.000 0.792 0.000 0.000 256.000 0.198
190560.000 148.186 50176.000 39.019 1280.000 0.995 0.000 0.000 512.000 0.398
238592.000 186.763 25088.000 19.638 1024.000 0.802 0.000 0.000 256.000 0.200
210000.000 154.251 50176.000 36.856 1280.000 0.940 0.000 0.000 512.000 0.376
197552.000 152.750 37632.000 29.098 1280.000 0.990 0.000 0.000 512.000 0.396
259136.000 187.440 37632.000 27.220 1024.000 0.741 0.000 0.000 256.000 0.185
184896.000 143.339 50176.000 38.899 1280.000 0.992 0.000 0.000 512.000 0.397
237952.000 185.400 25088.000 19.547 1024.000 0.798 0.000 0.000 256.000 0.199
201584.000 158.935 50176.000 39.560 1280.000 1.009 0.000 0.000 512.000 0.404
205968.000 160.245 25088.000 19.519 1024.000 0.797 0.000 0.000 384.000 0.299
221056.000 171.707 50176.000 38.975 1280.000 0.994 0.000 0.000 384.000 0.298
211552.000 151.909 50176.000 36.030 1280.000 0.919 0.000 0.000 512.000 0.368
249376.000 193.967 25088.000 19.514 1024.000 0.796 0.000 0.000 256.000 0.199
185600.000 146.038 50176.000 39.481 1280.000 1.007 0.000 0.000 512.000 0.403
221952.000 172.564 25088.000 19.506 1024.000 0.796 0.000 0.000 320.000 0.249
207520.000 160.256 50176.000 38.748 1280.000 0.988 0.000 0.000 448.000 0.346
202080.000 151.507 37632.000 28.214 1280.000 0.960 0.000 0.000 512.000 0.384
249216.000 192.415 37632.000 29.055 1024.000 0.791 0.000 0.000 256.000 0.198
201472.000 149.432 50176.000 37.216 1280.000 0.949 0.000 0.000 512.000 0.380
229248.000 174.605 25088.000 19.108 1024.000 0.780 0.000 0.000 384.000 0.292
210976.000 162.465 50176.000 38.639 1280.000 0.986 0.000 0.000 384.000 0.296
198624.000 153.317 37632.000 29.048 1280.000 0.988 0.000 0.000 512.000 0.395
240576.000 185.432 37632.000 29.006 1024.000 0.789 0.000 0.000 256.000 0.197
185920.000 146.088 50176.000 39.426 1024.000 0.805 0.000 0.000 512.000 0.402
253440.000 196.648 25088.000 19.466 1280.000 0.993 0.000 0.000 256.000 0.199
178656.000 138.925 50176.000 39.017 1024.000 0.796 0.000 0.000 512.000 0.398
230944.000 164.894 28408.000 20.283 1280.000 0.914 0.000 0.000 448.000 0.320
238080.000 183.023 46848.000 36.014 1280.000 0.984 0.000 0.000 320.000 0.246
208048.000 149.908 50176.000 36.154 1280.000 0.922 0.000 0.000 512.000 0.369
233808.000 179.699 25088.000 19.282 1024.000 0.787 0.000 0.000 256.000 0.197
205824.000 160.168 50176.000 39.046 1280.000 0.996 0.000 0.000 512.000 0.398
203776.000 157.608 25088.000 19.404 1024.000 0.792 0.000 0.000 384.000 0.297
231136.000 180.261 50176.000 39.132 1280.000 0.998 0.000 0.000 384.000 0.299
178464.000 140.024 39656.000 31.114 912.000 0.716 0.000 0.000 512.000 0.402
270336.000 195.296 35600.000 25.718 0.000 0.000 0.000 0.000 256.000 0.185
188672.000 145.908 50176.000 38.803 0.000 0.000 0.000 0.000 512.000 0.396
220928.000 169.971 25088.000 19.301 0.000 0.000 0.000 0.000 384.000 0.295
219520.000 171.962 50176.000 39.306 0.000 0.000 0.000 0.000 384.000 0.301
190080.000 148.942 37632.000 29.488 0.000 0.000 0.000 0.000 512.000 0.401
239792.000 186.697 37632.000 29.300 0.000 0.000 0.000 0.000 256.000 0.199
184912.000 143.538 50176.000 38.949 0.000 0.000 0.000 0.000 512.000 0.397
255232.000 187.984 25088.000 18.478 0.000 0.000 0.000 0.000 256.000 0.189
237312.000 166.573 50176.000 35.219 0.000 0.000 0.000 0.000 512.000 0.359
176976.000 137.618 50176.000 39.017 0.000 0.000 0.000 0.000 512.000 0.398
249136.000 192.535 25088.000 19.388 0.000 0.000 0.000 0.000 256.000 0.198
174368.000 134.967 50176.000 38.838 0.000 0.000 0.000 0.000 512.000 0.396
222304.000 170.230 25088.000 19.211 0.000 0.000 0.000 0.000 256.000 0.196
194752.000 151.755 50176.000 39.098 0.000 0.000 0.000 0.000 512.000 0.399
192704.000 151.050 34728.000 27.221 0.000 0.000 0.000 0.000 512.000 0.401
127872.000 88.195 40528.000 27.953 0.000 0.000 0.000 0.000 256.000 0.177
0.000 0.000 0.000 0.000 0.000 0.000 0.000 0.000 0.000 0.000
0.000 0.000 0.000 0.000 0.000 0.000 0.000 0.000 0.000 0.000
0.000 0.000 0.000 0.000 0.000 0.000 0.000 0.000 0.000 0.000
0.000 0.000 0.000 0.000 0.000 0.000 0.000 0.000 0.000 0.000
0.000 0.000 0.000 0.000 0.000 0.000 0.000 0.000 0.000 0.000
0.000 0.000 0.000 0.000 0.000 0.000 0.000 0.000 0.000 0.000
0.000 0.000 0.000 0.000 0.000 0.000 0.000 0.000 0.000 0.000
0.000 0.000 0.000 0.000 0.000 0.000 0.000 0.000 0.000 0.000
0.000 0.000 0.000 0.000 0.000 0.000 0.000 0.000 0.000 0.000
1552.000 1.145 0.000 0.000 8960.000 6.612 360.000 0.266 0.000 0.000
248624.000 182.117 25088.000 18.377 11008.000 8.063 0.000 0.000 256.000 0.188
174448.000 133.714 50176.000 38.460 1024.000 0.785 0.000 0.000 512.000 0.392
218576.000 158.976 25088.000 18.247 1280.000 0.931 0.000 0.000 384.000 0.279
218336.000 169.849 50176.000 39.033 1280.000 0.996 0.000 0.000 384.000 0.299
169120.000 132.271 38632.000 30.215 1024.000 0.801 0.000 0.000 512.000 0.400
255232.000 195.889 36624.000 28.109 1024.000 0.786 0.000 0.000 256.000 0.196
188160.000 144.812 50176.000 38.617 1280.000 0.985 0.000 0.000 512.000 0.394
236544.000 181.622 25088.000 19.263 1024.000 0.786 0.000 0.000 256.000 0.197
205824.000 160.651 50176.000 39.164 1280.000 0.999 0.000 0.000 512.000 0.400
203776.000 158.441 25088.000 19.507 1280.000 0.995 0.000 0.000 384.000 0.299
259456.000 181.607 50176.000 35.121 1280.000 0.896 0.000 0.000 384.000 0.269
187200.000 143.476 50176.000 38.456 1024.000 0.785 0.000 0.000 512.000 0.392
233280.000 180.049 25088.000 19.363 1024.000 0.790 0.000 0.000 256.000 0.198
205824.000 160.874 50176.000 39.218 1280.000 1.000 0.000 0.000 512.000 0.400
203776.000 160.631 25088.000 19.776 1280.000 1.009 0.000 0.000 384.000 0.303
230064.000 177.068 50176.000 38.618 1024.000 0.788 0.000 0.000 384.000 0.296
219056.000 151.705 50176.000 34.749 1280.000 0.886 0.000 0.000 512.000 0.355
1235872.000 167.049 225792.000 30.520 6656.000 0.900 0.000 0.000 2304.000 0.311
221696.000 160.873 37632.000 27.308 1280.000 0.929 0.000 0.000 512.000 0.372
239888.000 184.325 37632.000 28.916 1280.000 0.984 0.000 0.000 256.000 0.197
1257200.000 162.936 226920.000 29.409 6912.000 0.896 0.000 0.000 2496.000 0.323
246880.000 180.476 49040.000 35.850 1024.000 0.749 0.000 0.000 320.000 0.234
191328.000 148.103 50176.000 38.840 1280.000 0.991 0.000 0.000 512.000 0.396
2593856.000 166.868 476672.000 30.665 14080.000 0.906 0.000 0.000 4864.000 0.313
236544.000 179.340 25088.000 19.021 1024.000 0.776 0.000 0.000 256.000 0.194
205824.000 159.798 50176.000 38.956 1280.000 0.994 0.000 0.000 512.000 0.398
203776.000 157.446 25088.000 19.384 1024.000 0.791 0.000 0.000 384.000 0.297
229120.000 179.290 50176.000 39.263 1280.000 1.002 0.000 0.000 384.000 0.300
1261744.000 168.142 225792.000 30.089 6656.000 0.887 0.000 0.000 2304.000 0.307
184528.000 142.630 50176.000 38.783 1280.000 0.989 0.000 0.000 512.000 0.396
231296.000 177.889 25088.000 19.295 1024.000 0.788 0.000 0.000 320.000 0.246
952320.000 166.799 175616.000 30.759 5120.000 0.897 0.000 0.000 1728.000 0.303
205824.000 158.135 50176.000 38.550 1280.000 0.983 0.000 0.000 512.000 0.393
203776.000 153.513 37632.000 28.350 1280.000 0.964 0.000 0.000 512.000 0.386
240064.000 186.261 37632.000 29.198 1024.000 0.795 0.000 0.000 256.000 0.199
1201184.000 165.835 225792.000 31.173 912.000 0.126 0.000 0.000 2304.000 0.318
232576.000 155.676 50176.000 33.586 0.000 0.000 0.000 0.000 512.000 0.343
232864.000 178.272 25088.000 19.206 0.000 0.000 0.000 0.000 320.000 0.245
945024.000 166.514 175616.000 30.944 0.000 0.000 0.000 0.000 1728.000 0.304
194688.000 149.574 50176.000 38.549 0.000 0.000 0.000 0.000 512.000 0.393
192768.000 149.742 25088.000 19.488 0.000 0.000 0.000 0.000 384.000 0.298
216000.000 168.763 50176.000 39.203 0.000 0.000 0.000 0.000 384.000 0.300
299328.000 25.682 75264.000 6.458 0.000 0.000 0.000 0.000 768.000 0.066
0.000 0.000 0.000 0.000 0.000 0.000 0.000 0.000 0.000 0.000
0.000 0.000 0.000 0.000 0.000 0.000 0.000 0.000 0.000 0.000
0.000 0.000 0.000 0.000 0.000 0.000 0.000 0.000 0.000 0.000
0.000 0.000 0.000 0.000 0.000 0.000 0.000 0.000 0.000 0.000
0.000 0.000 0.000 0.000 0.000 0.000 0.000 0.000 0.000 0.000
0.000 0.000 0.000 0.000 0.000 0.000 0.000 0.000 0.000 0.000
0.000 0.000 0.000 0.000 0.000 0.000 0.000 0.000 0.000 0.000
870976.000 125.297 150528.000 21.655 24832.000 3.572 360.000 0.052 768.000 0.110
210368.000 161.368 50176.000 38.489 1024.000 0.785 0.000 0.000 256.000 0.196
221696.000 170.434 37632.000 28.931 1280.000 0.984 0.000 0.000 256.000 0.197
1089536.000 181.917 192616.000 32.161 5120.000 0.855 0.000 0.000 1024.000 0.171
267344.000 200.718 45712.000 34.320 1024.000 0.769 0.000 0.000 128.000 0.096
218064.000 167.957 50176.000 38.647 1024.000 0.789 0.000 0.000 256.000 0.197
221680.000 172.703 50176.000 39.090 1280.000 0.997 0.000 0.000 256.000 0.199
245232.000 178.547 25088.000 18.266 1024.000 0.746 0.000 0.000 192.000 0.140
274432.000 188.792 50176.000 34.518 1024.000 0.704 0.000 0.000 192.000 0.132
236544.000 180.562 50176.000 38.301 1280.000 0.977 0.000 0.000 256.000 0.195
224160.000 171.889 50176.000 38.476 1024.000 0.785 0.000 0.000 256.000 0.196
219232.000 170.609 37632.000 29.286 1280.000 0.996 0.000 0.000 256.000 0.199
269792.000 207.810 37632.000 28.986 1024.000 0.789 0.000 0.000 128.000 0.099
214032.000 164.255 50176.000 38.507 1024.000 0.786 0.000 0.000 256.000 0.196
230416.000 176.503 50176.000 38.436 1280.000 0.981 0.000 0.000 256.000 0.196
240128.000 174.930 37632.000 27.414 1024.000 0.746 0.000 0.000 256.000 0.186
264896.000 203.552 37632.000 28.917 1024.000 0.787 0.000 0.000 128.000 0.098
214048.000 164.665 50176.000 38.600 1280.000 0.985 0.000 0.000 256.000 0.197
225696.000 173.057 50176.000 38.474 1024.000 0.785 0.000 0.000 256.000 0.196
247680.000 191.372 25088.000 19.384 1024.000 0.791 0.000 0.000 128.000 0.099
238592.000 187.652 50176.000 39.463 1024.000 0.805 0.000 0.000 256.000 0.201
210944.000 163.086 50176.000 38.792 1280.000 0.990 0.000 0.000 256.000 0.198
232448.000 178.865 28520.000 21.946 1024.000 0.788 0.000 0.000 256.000 0.197
270336.000 196.816 46736.000 34.026 1024.000 0.746 0.000 0.000 128.000 0.093
222976.000 172.933 50176.000 38.915 1280.000 0.993 0.000 0.000 256.000 0.199
220416.000 171.690 50176.000 39.084 1024.000 0.798 0.000 0.000 256.000 0.199
238592.000 183.978 25088.000 19.345 1024.000 0.790 0.000 0.000 192.000 0.148
239760.000 185.350 50176.000 38.789 1024.000 0.792 0.000 0.000 192.000 0.148
219248.000 170.376 50176.000 38.991 1280.000 0.995 0.000 0.000 256.000 0.199
222976.000 174.169 37632.000 29.395 1024.000 0.800 0.000 0.000 256.000 0.200
270336.000 196.607 37632.000 27.369 1024.000 0.745 0.000 0.000 128.000 0.093
236352.000 181.318 50176.000 38.493 1280.000 0.982 0.000 0.000 256.000 0.196
217072.000 166.998 50176.000 38.601 1024.000 0.788 0.000 0.000 256.000 0.197
262864.000 181.520 50176.000 34.649 1280.000 0.884 0.000 0.000 256.000 0.177
238080.000 185.158 25088.000 19.511 1024.000 0.796 0.000 0.000 192.000 0.149
238080.000 183.165 50176.000 38.603 1024.000 0.788 0.000 0.000 192.000 0.148
221312.000 170.529 50176.000 38.662 1280.000 0.986 0.000 0.000 256.000 0.197
220544.000 169.707 37632.000 28.957 1024.000 0.788 0.000 0.000 256.000 0.197
274432.000 200.765 37632.000 27.530 1024.000 0.749 0.000 0.000 128.000 0.094
236416.000 182.936 50176.000 38.826 1280.000 0.990 0.000 0.000 256.000 0.198
211136.000 162.711 50176.000 38.668 1024.000 0.789 0.000 0.000 256.000 0.197
232384.000 178.038 28672.000 21.967 1280.000 0.981 0.000 0.000 256.000 0.196
255232.000 197.556 46592.000 36.063 768.000 0.594 0.000 0.000 128.000 0.099
221952.000 173.419 50176.000 39.204 1280.000 1.000 0.000 0.000 256.000 0.200
228256.000 170.606 50176.000 37.503 1280.000 0.957 0.000 0.000 256.000 0.191
248928.000 181.720 25088.000 18.315 1024.000 0.748 0.000 0.000 192.000 0.140
253440.000 194.415 50176.000 38.490 1024.000 0.786 0.000 0.000 192.000 0.147
222720.000 172.883 50176.000 38.948 1024.000 0.795 0.000 0.000 256.000 0.199
210672.000 165.136 50176.000 39.331 1168.000 0.916 0.000 0.000 256.000 0.201
265488.000 203.232 25088.000 19.205 0.000 0.000 0.000 0.000 128.000 0.098
223648.000 172.479 50176.000 38.696 0.000 0.000 0.000 0.000 256.000 0.197
218208.000 169.537 50176.000 38.984 0.000 0.000 0.000 0.000 256.000 0.199
240128.000 187.193 25088.000 19.558 0.000 0.000 0.000 0.000 192.000 0.150
270336.000 196.737 50176.000 36.516 0.000 0.000 0.000 0.000 192.000 0.140
216160.000 165.321 50176.000 38.375 0.000 0.000 0.000 0.000 256.000 0.196
227232.000 174.438 50176.000 38.518 0.000 0.000 0.000 0.000 256.000 0.197
238592.000 186.356 25088.000 19.595 0.000 0.000 0.000 0.000 192.000 0.150
238592.000 187.372 50176.000 39.404 0.000 0.000 0.000 0.000 192.000 0.151
213984.000 165.892 50176.000 38.899 0.000 0.000 0.000 0.000 256.000 0.198
229408.000 176.049 36736.000 28.191 0.000 0.000 0.000 0.000 256.000 0.196
270336.000 202.151 38528.000 28.810 0.000 0.000 0.000 0.000 128.000 0.096
274432.000 176.114 50176.000 32.200 0.000 0.000 0.000 0.000 256.000 0.164
228768.000 175.335 50176.000 38.456 0.000 0.000 0.000 0.000 256.000 0.196
203776.000 156.129 50176.000 38.444 0.000 0.000 0.000 0.000 256.000 0.196
217952.000 168.073 27784.000 21.426 0.000 0.000 0.000 0.000 256.000 0.197
241440.000 187.646 47472.000 36.895 0.000 0.000 0.000 0.000 128.000 0.099
209952.000 163.696 50176.000 39.121 0.000 0.000 0.000 0.000 256.000 0.200
63936.000 43.957 25088.000 17.249 0.000 0.000 0.000 0.000 128.000 0.088
