92928.000 12.917 0.000 0.000 18944.000 2.633 224.000 0.031 0.000 0.000
154880.000 111.181 44016.000 31.597 1280.000 0.919 0.000 0.000 2048.000 1.470
212992.000 165.467 41992.000 32.622 1024.000 0.796 0.000 0.000 1024.000 0.796
180224.000 134.879 28672.000 21.458 1024.000 0.766 0.000 0.000 1536.000 1.150
196608.000 148.370 57344.000 43.275 1024.000 0.773 0.000 0.000 1536.000 1.159
196608.000 151.871 28672.000 22.148 1024.000 0.791 0.000 0.000 1024.000 0.791
161536.000 126.432 57344.000 44.882 1024.000 0.801 0.000 0.000 2048.000 1.603
198912.000 155.468 28672.000 22.410 1024.000 0.800 0.000 0.000 1024.000 0.800
163840.000 129.317 28672.000 22.631 1024.000 0.808 0.000 0.000 1536.000 1.212
196608.000 148.449 57344.000 43.298 1024.000 0.773 0.000 0.000 1536.000 1.160
196608.000 153.778 28672.000 22.426 1024.000 0.801 0.000 0.000 1024.000 0.801
1097728.000 140.420 258048.000 33.009 6400.000 0.819 0.000 0.000 9216.000 1.179
211584.000 162.511 28672.000 22.022 1024.000 0.787 0.000 0.000 1024.000 0.787
134144.000 105.134 51528.000 40.385 1024.000 0.803 0.000 0.000 2048.000 1.605
232960.000 169.518 34480.000 25.090 1024.000 0.745 0.000 0.000 1024.000 0.745
158592.000 122.946 43008.000 33.341 1024.000 0.794 0.000 0.000 2048.000 1.588
196608.000 153.738 43008.000 33.630 1024.000 0.801 0.000 0.000 1024.000 0.801
196608.000 146.364 28672.000 21.345 400.000 0.298 0.000 0.000 1280.000 0.953
167808.000 131.284 57344.000 44.863 0.000 0.000 0.000 0.000 1792.000 1.402
209024.000 162.662 28672.000 22.312 0.000 0.000 0.000 0.000 1024.000 0.797
147456.000 115.543 43008.000 33.700 0.000 0.000 0.000 0.000 2048.000 1.605
2163456.000 143.949 473088.000 31.478 0.000 0.000 0.000 0.000 16384.000 1.090
195840.000 146.699 28672.000 21.477 0.000 0.000 0.000 0.000 1280.000 0.959
169472.000 130.878 57344.000 44.285 0.000 0.000 0.000 0.000 1792.000 1.384
78336.000 61.627 28672.000 22.556 0.000 0.000 0.000 0.000 1024.000 0.806
0.000 0.000 0.000 0.000 0.000 0.000 0.000 0.000 0.000 0.000
231424.000 28.159 0.000 0.000 22016.000 2.679 240.000 0.029 256.000 0.031
223360.000 165.974 28672.000 21.306 1024.000 0.761 0.000 0.000 256.000 0.190
186240.000 141.591 28672.000 21.798 1024.000 0.779 0.000 0.000 512.000 0.389
197888.000 143.134 28672.000 20.739 768.000 0.555 0.000 0.000 512.000 0.370
194304.000 148.083 28672.000 21.851 1024.000 0.780 0.000 0.000 512.000 0.390
199680.000 152.968 28672.000 21.965 1024.000 0.784 0.000 0.000 512.000 0.392
184320.000 142.821 14336.000 11.108 1024.000 0.793 0.000 0.000 512.000 0.397
245760.000 189.697 14336.000 11.066 768.000 0.593 0.000 0.000 0.000 0.000
199680.000 155.507 28672.000 22.329 1024.000 0.797 0.000 0.000 512.000 0.399
199680.000 153.233 28672.000 22.003 768.000 0.589 0.000 0.000 512.000 0.393
230400.000 153.072 28672.000 19.049 1280.000 0.850 0.000 0.000 512.000 0.340
199680.000 152.579 28672.000 21.909 768.000 0.587 0.000 0.000 512.000 0.391
197760.000 152.683 28672.000 22.137 1024.000 0.791 0.000 0.000 512.000 0.395
201600.000 155.203 5832.000 4.490 768.000 0.591 0.000 0.000 384.000 0.296
245760.000 185.292 22832.000 17.214 1024.000 0.772 0.000 0.000 128.000 0.097
191616.000 147.900 28672.000 22.131 1024.000 0.790 0.000 0.000 512.000 0.395
194816.000 149.755 28672.000 22.040 768.000 0.590 0.000 0.000 512.000 0.394
197248.000 152.686 28672.000 22.195 1024.000 0.793 0.000 0.000 512.000 0.396
209664.000 152.406 28672.000 20.842 1024.000 0.744 0.000 0.000 512.000 0.372
189696.000 144.103 14336.000 10.890 1024.000 0.778 0.000 0.000 512.000 0.389
245760.000 187.765 14336.000 10.953 768.000 0.587 0.000 0.000 0.000 0.000
215040.000 159.375 28672.000 21.250 1024.000 0.759 0.000 0.000 512.000 0.379
199680.000 153.647 28672.000 22.062 1024.000 0.788 0.000 0.000 512.000 0.394
197376.000 151.248 28672.000 21.971 768.000 0.589 0.000 0.000 512.000 0.392
197376.000 150.611 28672.000 21.879 1024.000 0.781 0.000 0.000 512.000 0.391
204288.000 149.504 28672.000 20.983 1024.000 0.749 0.000 0.000 512.000 0.375
215040.000 165.236 0.000 0.000 768.000 0.590 0.000 0.000 256.000 0.197
230400.000 177.857 28672.000 22.133 1024.000 0.790 0.000 0.000 256.000 0.198
197376.000 151.661 28672.000 22.031 1024.000 0.787 0.000 0.000 512.000 0.393
193408.000 148.724 28672.000 22.048 768.000 0.591 0.000 0.000 512.000 0.394
192896.000 148.879 28672.000 22.129 1024.000 0.790 0.000 0.000 512.000 0.395
199680.000 154.024 28672.000 22.116 1024.000 0.790 0.000 0.000 512.000 0.395
215040.000 166.422 0.000 0.000 768.000 0.594 0.000 0.000 256.000 0.198
245760.000 163.044 28672.000 19.022 1024.000 0.679 0.000 0.000 256.000 0.170
215040.000 163.442 28672.000 21.792 1024.000 0.778 0.000 0.000 512.000 0.389
199680.000 154.804 28672.000 22.228 1024.000 0.794 0.000 0.000 512.000 0.397
195584.000 151.046 28672.000 22.143 1024.000 0.791 0.000 0.000 512.000 0.395
190336.000 145.432 28672.000 21.908 768.000 0.587 0.000 0.000 512.000 0.391
198784.000 151.176 28672.000 21.805 1024.000 0.779 0.000 0.000 512.000 0.389
229376.000 174.917 0.000 0.000 768.000 0.586 0.000 0.000 128.000 0.098
230400.000 172.111 28672.000 21.418 1024.000 0.765 0.000 0.000 384.000 0.287
197760.000 152.051 28672.000 22.045 1024.000 0.787 0.000 0.000 512.000 0.394
186624.000 143.404 28672.000 22.032 1024.000 0.787 0.000 0.000 512.000 0.393
199168.000 152.309 28672.000 21.926 768.000 0.587 0.000 0.000 512.000 0.392
199680.000 154.587 28672.000 22.197 144.000 0.111 0.000 0.000 512.000 0.396
215040.000 166.826 0.000 0.000 0.000 0.000 0.000 0.000 256.000 0.199
216832.000 168.314 28672.000 22.256 0.000 0.000 0.000 0.000 256.000 0.199
221184.000 155.090 28672.000 20.104 0.000 0.000 0.000 0.000 512.000 0.359
207488.000 149.961 28672.000 20.723 0.000 0.000 0.000 0.000 512.000 0.370
199296.000 153.608 28672.000 22.099 0.000 0.000 0.000 0.000 512.000 0.395
199680.000 154.515 28672.000 22.187 0.000 0.000 0.000 0.000 512.000 0.396
184320.000 142.435 14336.000 11.078 0.000 0.000 0.000 0.000 512.000 0.396
245760.000 185.722 14336.000 10.834 0.000 0.000 0.000 0.000 0.000 0.000
215040.000 163.631 28672.000 21.817 0.000 0.000 0.000 0.000 512.000 0.390
196608.000 150.147 28672.000 21.896 0.000 0.000 0.000 0.000 512.000 0.391
194304.000 149.589 28672.000 22.074 0.000 0.000 0.000 0.000 512.000 0.394
208128.000 151.473 28672.000 20.867 0.000 0.000 0.000 0.000 512.000 0.373
199680.000 151.602 28672.000 21.769 0.000 0.000 0.000 0.000 512.000 0.389
215040.000 163.841 0.000 0.000 0.000 0.000 0.000 0.000 256.000 0.195
230400.000 178.083 28672.000 22.161 0.000 0.000 0.000 0.000 256.000 0.198
199680.000 154.954 28672.000 22.250 0.000 0.000 0.000 0.000 512.000 0.397
178176.000 137.600 28672.000 22.143 0.000 0.000 0.000 0.000 512.000 0.395
187904.000 143.833 28672.000 21.947 0.000 0.000 0.000 0.000 512.000 0.392
215936.000 150.071 28672.000 19.926 0.000 0.000 0.000 0.000 512.000 0.356
173696.000 133.594 14336.000 11.026 0.000 0.000 0.000 0.000 512.000 0.394
231424.000 177.887 14336.000 11.020 0.000 0.000 0.000 0.000 0.000 0.000
0.000 0.000 28672.000 18.914 0.000 0.000 0.000 0.000 512.000 0.338
0.000 0.000 0.000 0.000 0.000 0.000 0.000 0.000 0.000 0.000
0.000 0.000 0.000 0.000 0.000 0.000 0.000 0.000 0.000 0.000
0.000 0.000 0.000 0.000 0.000 0.000 0.000 0.000 0.000 0.000
0.000 0.000 0.000 0.000 0.000 0.000 0.000 0.000 0.000 0.000
109312.000 79.092 0.000 0.000 21504.000 15.559 240.000 0.174 0.000 0.000
193536.000 144.204 28672.000 21.364 1024.000 0.763 0.000 0.000 512.000 0.381
188928.000 143.558 28672.000 21.787 1024.000 0.778 0.000 0.000 512.000 0.389
202496.000 155.747 0.000 0.000 512.000 0.394 0.000 0.000 256.000 0.197
213632.000 164.631 28672.000 22.095 1024.000 0.789 0.000 0.000 256.000 0.197
195200.000 147.908 28672.000 21.725 1024.000 0.776 0.000 0.000 512.000 0.388
210048.000 151.854 28672.000 20.728 1024.000 0.740 0.000 0.000 512.000 0.370
197632.000 150.462 28672.000 21.829 1024.000 0.780 0.000 0.000 512.000 0.390
198272.000 152.737 28672.000 22.087 1024.000 0.789 0.000 0.000 512.000 0.394
199680.000 153.727 14336.000 11.037 768.000 0.591 0.000 0.000 512.000 0.394
245760.000 165.297 14336.000 9.642 1024.000 0.689 0.000 0.000 256.000 0.172
230400.000 174.659 28672.000 21.735 1024.000 0.776 0.000 0.000 256.000 0.194
199680.000 153.094 28672.000 21.983 768.000 0.589 0.000 0.000 512.000 0.393
198400.000 152.618 28672.000 22.056 1024.000 0.788 0.000 0.000 512.000 0.394
203648.000 147.534 28672.000 20.772 1024.000 0.742 0.000 0.000 512.000 0.371
202368.000 152.956 28672.000 21.671 1024.000 0.774 0.000 0.000 512.000 0.387
194176.000 147.948 14336.000 10.923 1024.000 0.780 0.000 0.000 512.000 0.390
245760.000 189.425 14336.000 11.050 768.000 0.592 0.000 0.000 0.000 0.000
199680.000 154.696 28672.000 22.213 1024.000 0.793 0.000 0.000 512.000 0.397
199680.000 153.389 28672.000 22.025 768.000 0.590 0.000 0.000 512.000 0.393
198912.000 151.663 28672.000 21.861 1024.000 0.781 0.000 0.000 512.000 0.390
200448.000 146.412 28672.000 20.943 1024.000 0.748 0.000 0.000 512.000 0.374
1658880.000 159.827 172032.000 16.575 7168.000 0.691 0.000 0.000 3072.000 0.296
215040.000 154.851 28672.000 20.647 1280.000 0.922 0.000 0.000 512.000 0.369
199680.000 153.820 28672.000 22.087 768.000 0.592 0.000 0.000 512.000 0.394
197376.000 153.404 28672.000 22.284 1024.000 0.796 0.000 0.000 512.000 0.398
186624.000 144.945 28672.000 22.269 1024.000 0.795 0.000 0.000 512.000 0.398
192768.000 146.464 28672.000 21.785 768.000 0.584 0.000 0.000 512.000 0.389
237312.000 181.988 0.000 0.000 768.000 0.589 0.000 0.000 0.000 0.000
215040.000 167.247 28672.000 22.300 1024.000 0.796 0.000 0.000 512.000 0.398
245760.000 155.750 28672.000 18.171 1280.000 0.811 0.000 0.000 512.000 0.324
199168.000 151.479 28672.000 21.807 1024.000 0.779 0.000 0.000 512.000 0.389
200192.000 153.133 28672.000 21.932 768.000 0.587 0.000 0.000 512.000 0.392
191360.000 147.816 28672.000 22.148 1024.000 0.791 0.000 0.000 512.000 0.395
189696.000 147.040 28672.000 22.225 1024.000 0.794 0.000 0.000 512.000 0.397
233344.000 180.407 0.000 0.000 512.000 0.396 0.000 0.000 0.000 0.000
215040.000 163.247 28672.000 21.766 1280.000 0.972 0.000 0.000 512.000 0.389
222720.000 154.271 28672.000 19.860 656.000 0.454 0.000 0.000 512.000 0.355
195840.000 149.605 28672.000 21.903 0.000 0.000 0.000 0.000 512.000 0.391
195840.000 151.789 28672.000 22.223 0.000 0.000 0.000 0.000 512.000 0.397
192384.000 148.853 28672.000 22.184 0.000 0.000 0.000 0.000 512.000 0.396
206976.000 157.828 7256.000 5.533 0.000 0.000 0.000 0.000 384.000 0.293
242688.000 186.910 21408.000 16.488 0.000 0.000 0.000 0.000 128.000 0.099
187392.000 145.221 28672.000 22.220 0.000 0.000 0.000 0.000 512.000 0.397
199680.000 154.860 28672.000 22.236 0.000 0.000 0.000 0.000 512.000 0.397
261120.000 159.744 28672.000 17.540 0.000 0.000 0.000 0.000 512.000 0.313
198016.000 150.738 28672.000 21.826 0.000 0.000 0.000 0.000 512.000 0.390
197120.000 151.210 28672.000 21.994 0.000 0.000 0.000 0.000 512.000 0.393
188544.000 146.542 14336.000 11.142 0.000 0.000 0.000 0.000 512.000 0.398
245760.000 190.114 14336.000 11.090 0.000 0.000 0.000 0.000 0.000 0.000
199680.000 153.870 28672.000 22.094 0.000 0.000 0.000 0.000 512.000 0.395
199680.000 152.979 28672.000 21.966 0.000 0.000 0.000 0.000 512.000 0.392
245760.000 156.221 28672.000 18.226 0.000 0.000 0.000 0.000 512.000 0.325
195584.000 150.057 28672.000 21.998 0.000 0.000 0.000 0.000 512.000 0.393
186624.000 144.108 28672.000 22.140 0.000 0.000 0.000 0.000 512.000 0.395
187136.000 142.558 14336.000 10.921 0.000 0.000 0.000 0.000 512.000 0.390
231424.000 178.638 14336.000 11.066 0.000 0.000 0.000 0.000 0.000 0.000
188928.000 146.399 28672.000 22.218 0.000 0.000 0.000 0.000 512.000 0.397
183552.000 142.008 28672.000 22.183 0.000 0.000 0.000 0.000 512.000 0.396
90368.000 66.338 28672.000 21.048 0.000 0.000 0.000 0.000 512.000 0.376
0.000 0.000 0.000 0.000 0.000 0.000 0.000 0.000 0.000 0.000
0.000 0.000 0.000 0.000 0.000 0.000 0.000 0.000 0.000 0.000
0.000 0.000 0.000 0.000 0.000 0.000 0.000 0.000 0.000 0.000
0.000 0.000 0.000 0.000 0.000 0.000 0.000 0.000 0.000 0.000
0.000 0.000 0.000 0.000 0.000 0.000 0.000 0.000 0.000 0.000
216576.000 156.344 0.000 0.000 21760.000 15.708 240.000 0.173 0.000 0.000
217344.000 148.752 28672.000 19.623 1280.000 0.876 0.000 0.000 512.000 0.350
187136.000 142.529 28672.000 21.838 768.000 0.585 0.000 0.000 512.000 0.390
188928.000 144.951 28672.000 21.998 1024.000 0.786 0.000 0.000 512.000 0.393
182528.000 140.161 28672.000 22.017 1024.000 0.786 0.000 0.000 512.000 0.393
202368.000 152.952 28672.000 21.671 1024.000 0.774 0.000 0.000 512.000 0.387
222336.000 170.735 0.000 0.000 512.000 0.393 0.000 0.000 256.000 0.197
215552.000 167.141 28672.000 22.233 1024.000 0.794 0.000 0.000 256.000 0.199
199168.000 153.651 28672.000 22.119 1024.000 0.790 0.000 0.000 512.000 0.395
219264.000 152.895 28672.000 19.993 1024.000 0.714 0.000 0.000 512.000 0.357
196608.000 149.659 28672.000 21.825 1024.000 0.779 0.000 0.000 512.000 0.390
198400.000 151.869 28672.000 21.948 1024.000 0.784 0.000 0.000 512.000 0.392
230400.000 159.332 28672.000 19.828 1024.000 0.708 0.000 0.000 512.000 0.354
215040.000 165.898 0.000 0.000 768.000 0.592 0.000 0.000 256.000 0.197
220416.000 168.616 28672.000 21.934 1024.000 0.783 0.000 0.000 256.000 0.196
196096.000 150.421 28672.000 21.994 768.000 0.589 0.000 0.000 512.000 0.393
213248.000 155.667 28672.000 20.930 1024.000 0.747 0.000 0.000 512.000 0.374
199680.000 152.692 28672.000 21.925 1024.000 0.783 0.000 0.000 512.000 0.392
192384.000 147.429 28672.000 21.972 1024.000 0.785 0.000 0.000 512.000 0.392
206976.000 157.043 11880.000 9.014 768.000 0.583 0.000 0.000 384.000 0.291
245760.000 188.517 16784.000 12.875 1024.000 0.785 0.000 0.000 128.000 0.098
185984.000 144.216 28672.000 22.233 1024.000 0.794 0.000 0.000 512.000 0.397
198016.000 152.445 28672.000 22.074 768.000 0.591 0.000 0.000 512.000 0.394
197376.000 152.723 28672.000 22.185 1024.000 0.792 0.000 0.000 512.000 0.396
206080.000 149.848 28672.000 20.848 1024.000 0.745 0.000 0.000 512.000 0.372
195584.000 149.779 14336.000 10.979 1024.000 0.784 0.000 0.000 512.000 0.392
245760.000 189.892 14336.000 11.077 768.000 0.593 0.000 0.000 0.000 0.000
199680.000 154.228 28672.000 22.145 1024.000 0.791 0.000 0.000 512.000 0.395
196480.000 151.032 28672.000 22.040 768.000 0.590 0.000 0.000 512.000 0.394
192384.000 147.858 28672.000 22.036 1024.000 0.787 0.000 0.000 512.000 0.394
194816.000 150.541 28672.000 22.156 1024.000 0.791 0.000 0.000 512.000 0.396
199680.000 146.181 16968.000 12.422 1024.000 0.750 0.000 0.000 512.000 0.375
245760.000 186.099 11696.000 8.857 512.000 0.388 0.000 0.000 0.000 0.000
215040.000 163.531 28672.000 21.804 1280.000 0.973 0.000 0.000 512.000 0.389
199680.000 152.641 28672.000 21.918 768.000 0.587 0.000 0.000 512.000 0.391
194560.000 150.525 28672.000 22.183 1024.000 0.792 0.000 0.000 512.000 0.396
189440.000 147.023 28672.000 22.252 1024.000 0.795 0.000 0.000 512.000 0.397
205184.000 152.156 28672.000 21.262 1024.000 0.759 0.000 0.000 512.000 0.380
224896.000 170.581 0.000 0.000 768.000 0.583 0.000 0.000 256.000 0.194
1187840.000 159.622 143360.000 19.265 5008.000 0.673 0.000 0.000 2304.000 0.310
226688.000 153.277 28672.000 19.387 0.000 0.000 0.000 0.000 512.000 0.346
198144.000 151.617 28672.000 21.939 0.000 0.000 0.000 0.000 512.000 0.392
844800.000 154.006 100352.000 18.294 0.000 0.000 0.000 0.000 2048.000 0.373
245760.000 187.807 14336.000 10.955 0.000 0.000 0.000 0.000 0.000 0.000
199680.000 153.366 28672.000 22.022 0.000 0.000 0.000 0.000 512.000 0.393
199680.000 152.056 28672.000 21.834 0.000 0.000 0.000 0.000 512.000 0.390
1152000.000 155.858 143360.000 19.396 0.000 0.000 0.000 0.000 2560.000 0.346
199680.000 149.068 28672.000 21.405 0.000 0.000 0.000 0.000 512.000 0.382
215040.000 165.473 0.000 0.000 0.000 0.000 0.000 0.000 256.000 0.197
813568.000 149.624 114688.000 21.092 0.000 0.000 0.000 0.000 1792.000 0.330
112128.000 85.861 28672.000 21.955 0.000 0.000 0.000 0.000 512.000 0.392
0.000 0.000 0.000 0.000 0.000 0.000 0.000 0.000 0.000 0.000
0.000 0.000 0.000 0.000 0.000 0.000 0.000 0.000 0.000 0.000
0.000 0.000 0.000 0.000 0.000 0.000 0.000 0.000 0.000 0.000
254592.000 32.835 28672.000 3.698 20736.000 2.674 240.000 0.031 256.000 0.033
208256.000 154.589 2928.000 2.173 1024.000 0.760 0.000 0.000 256.000 0.190
231424.000 177.380 25736.000 19.726 1024.000 0.785 0.000 0.000 0.000 0.000
869504.000 160.550 114688.000 21.177 3584.000 0.662 0.000 0.000 1024.000 0.189
209408.000 159.892 28672.000 21.892 768.000 0.586 0.000 0.000 256.000 0.195
212352.000 162.914 28672.000 21.997 1024.000 0.786 0.000 0.000 256.000 0.196
215040.000 163.906 28672.000 21.854 768.000 0.585 0.000 0.000 256.000 0.195
1257728.000 166.082 143360.000 18.931 5376.000 0.710 0.000 0.000 1280.000 0.169
216832.000 162.801 28672.000 21.527 768.000 0.577 0.000 0.000 256.000 0.192
199680.000 153.074 14336.000 10.990 1024.000 0.785 0.000 0.000 256.000 0.196
245760.000 173.515 14336.000 10.122 1024.000 0.723 0.000 0.000 128.000 0.090
245760.000 185.994 28672.000 21.699 1024.000 0.775 0.000 0.000 128.000 0.097
212736.000 163.437 28672.000 22.028 768.000 0.590 0.000 0.000 256.000 0.197
217344.000 160.965 28672.000 21.234 768.000 0.569 0.000 0.000 256.000 0.190
210304.000 160.896 28672.000 21.936 1024.000 0.783 0.000 0.000 256.000 0.196
212224.000 161.780 28672.000 21.857 768.000 0.585 0.000 0.000 256.000 0.195
207232.000 159.222 28672.000 22.029 1024.000 0.787 0.000 0.000 256.000 0.197
2549760.000 166.510 286720.000 18.724 10496.000 0.685 0.000 0.000 2560.000 0.167
261120.000 164.879 28672.000 18.104 1024.000 0.647 0.000 0.000 256.000 0.162
215552.000 162.184 28672.000 21.573 1024.000 0.770 0.000 0.000 256.000 0.193
214528.000 164.413 28672.000 21.974 768.000 0.589 0.000 0.000 256.000 0.196
211456.000 163.123 28672.000 22.118 1024.000 0.790 0.000 0.000 256.000 0.197
233984.000 163.068 28672.000 19.982 656.000 0.457 0.000 0.000 256.000 0.178
215040.000 163.103 28672.000 21.747 0.000 0.000 0.000 0.000 256.000 0.194
199680.000 153.579 14336.000 11.026 0.000 0.000 0.000 0.000 256.000 0.197
245760.000 188.804 14336.000 11.014 0.000 0.000 0.000 0.000 0.000 0.000
219776.000 166.511 28672.000 21.723 0.000 0.000 0.000 0.000 256.000 0.194
210304.000 160.315 28672.000 21.857 0.000 0.000 0.000 0.000 256.000 0.195
215040.000 165.657 28672.000 22.088 0.000 0.000 0.000 0.000 256.000 0.197
230400.000 166.241 28672.000 20.688 0.000 0.000 0.000 0.000 256.000 0.185
209536.000 158.767 28672.000 21.725 0.000 0.000 0.000 0.000 256.000 0.194
213632.000 162.141 28672.000 21.761 0.000 0.000 0.000 0.000 256.000 0.194
211328.000 160.823 28672.000 21.820 0.000 0.000 0.000 0.000 256.000 0.195
210304.000 161.092 14336.000 10.981 0.000 0.000 0.000 0.000 256.000 0.196
245760.000 188.953 14336.000 11.022 0.000 0.000 0.000 0.000 0.000 0.000
215040.000 163.647 28672.000 21.820 0.000 0.000 0.000 0.000 256.000 0.195
215040.000 163.926 28672.000 21.857 0.000 0.000 0.000 0.000 256.000 0.195
225536.000 163.099 28672.000 20.734 0.000 0.000 0.000 0.000 256.000 0.185
208640.000 160.044 28672.000 21.994 0.000 0.000 0.000 0.000 256.000 0.196
205568.000 157.998 28672.000 22.037 0.000 0.000 0.000 0.000 256.000 0.197
202496.000 153.561 28672.000 21.743 0.000 0.000 0.000 0.000 256.000 0.194
202496.000 155.097 28672.000 21.961 0.000 0.000 0.000 0.000 256.000 0.196
202496.000 155.935 0.000 0.000 0.000 0.000 0.000 0.000 128.000 0.099
221312.000 171.771 28672.000 22.254 0.000 0.000 0.000 0.000 128.000 0.099
10112.000 6.181 28672.000 17.526 0.000 0.000 0.000 0.000 256.000 0.156
0.000 0.000 0.000 0.000 0.000 0.000 0.000 0.000 0.000 0.000
0.000 0.000 0.000 0.000 0.000 0.000 0.000 0.000 0.000 0.000
0.000 0.000 0.000 0.000 0.000 0.000 0.000 0.000 0.000 0.000
0.000 0.000 0.000 0.000 0.000 0.000 0.000 0.000 0.000 0.000
0.000 0.000 0.000 0.000 0.000 0.000 0.000 0.000 0.000 0.000
0.000 0.000 0.000 0.000 0.000 0.000 0.000 0.000 0.000 0.000
0.000 0.000 0.000 0.000 0.000 0.000 0.000 0.000 0.000 0.000
0.000 0.000 0.000 0.000 0.000 0.000 0.000 0.000 0.000 0.000
0.000 0.000 0.000 0.000 0.000 0.000 0.000 0.000 0.000 0.000
0.000 0.000 0.000 0.000 0.000 0.000 0.000 0.000 0.000 0.000
0.000 0.000 0.000 0.000 0.000 0.000 0.000 0.000 0.000 0.000
0.000 0.000 0.000 0.000 0.000 0.000 0.000 0.000 0.000 0.000
0.000 0.000 0.000 0.000 0.000 0.000 0.000 0.000 0.000 0.000
0.000 0.000 11648.000 8.197 15616.000 10.990 36.000 0.025 281600.000 198.179
0.000 0.000 18536.000 13.141 3584.000 2.541 0.000 0.000 442368.000 313.603
0.000 0.000 19088.000 13.570 3584.000 2.548 0.000 0.000 460672.000 327.503
0.000 0.000 18816.000 13.484 3840.000 2.752 0.000 0.000 456704.000 327.278
0.000 0.000 19712.000 14.105 3840.000 2.748 0.000 0.000 461696.000 330.359
0.000 0.000 20608.000 13.235 4096.000 2.630 0.000 0.000 498944.000 320.423
0.000 0.000 19712.000 14.080 3840.000 2.743 0.000 0.000 464256.000 331.609
0.000 0.000 19712.000 14.113 3840.000 2.749 0.000 0.000 461184.000 330.184
0.000 0.000 18816.000 13.396 3840.000 2.734 0.000 0.000 465152.000 331.170
0.000 0.000 19712.000 14.078 3840.000 2.742 0.000 0.000 466560.000 333.200
0.000 0.000 19712.000 13.963 3840.000 2.720 0.000 0.000 463360.000 328.221
0.000 0.000 19712.000 14.023 3840.000 2.732 0.000 0.000 466944.000 332.181
0.000 0.000 19712.000 13.247 3840.000 2.581 0.000 0.000 486272.000 326.794
0.000 0.000 19712.000 14.019 3840.000 2.731 0.000 0.000 461824.000 328.434
0.000 0.000 19712.000 13.980 3840.000 2.723 0.000 0.000 468352.000 332.153
0.000 0.000 19712.000 13.992 3840.000 2.726 0.000 0.000 462720.000 328.445
0.000 0.000 18816.000 13.574 3840.000 2.770 0.000 0.000 461952.000 333.265
0.000 0.000 19712.000 14.049 2144.000 1.528 0.000 0.000 465408.000 331.695
0.000 0.000 19712.000 14.053 0.000 0.000 0.000 0.000 460800.000 328.514
0.000 0.000 19712.000 13.475 0.000 0.000 0.000 0.000 480000.000 328.133
0.000 0.000 18816.000 12.847 0.000 0.000 0.000 0.000 439552.000 300.107
0.000 0.000 0.000 0.000 0.000 0.000 0.000 0.000 0.000 0.000
139392.000 97.689 0.000 0.000 14944.000 10.473 464.000 0.325 0.000 0.000
177408.000 132.828 28672.000 21.467 0.000 0.000 0.000 0.000 256.000 0.192
170112.000 129.045 28672.000 21.750 0.000 0.000 0.000 0.000 256.000 0.194
189952.000 144.399 28672.000 21.796 0.000 0.000 0.000 0.000 256.000 0.195
189952.000 136.030 28672.000 20.533 0.000 0.000 0.000 0.000 256.000 0.183
189952.000 142.660 4216.000 3.166 0.000 0.000 0.000 0.000 256.000 0.192
217088.000 167.351 24448.000 18.847 0.000 0.000 0.000 0.000 0.000 0.000
176384.000 135.744 28672.000 22.066 0.000 0.000 0.000 0.000 256.000 0.197
176384.000 135.859 28672.000 22.084 0.000 0.000 0.000 0.000 256.000 0.197
176384.000 136.961 28672.000 22.264 0.000 0.000 0.000 0.000 256.000 0.199
183168.000 140.788 28672.000 22.038 0.000 0.000 0.000 0.000 256.000 0.197
177920.000 138.365 28672.000 22.298 0.000 0.000 0.000 0.000 256.000 0.199
195200.000 140.313 14336.000 10.305 0.000 0.000 0.000 0.000 256.000 0.184
217088.000 167.313 14336.000 11.049 0.000 0.000 0.000 0.000 0.000 0.000
202752.000 126.710 28672.000 17.919 0.000 0.000 0.000 0.000 256.000 0.160
177408.000 135.210 28672.000 21.852 0.000 0.000 0.000 0.000 256.000 0.195
25344.000 17.176 28672.000 19.432 0.000 0.000 0.000 0.000 256.000 0.173
50304.000 33.119 0.000 0.000 14928.000 9.828 464.000 0.305 0.000 0.000
171904.000 127.520 28672.000 21.269 0.000 0.000 0.000 0.000 256.000 0.190
183296.000 131.015 14336.000 10.247 0.000 0.000 0.000 0.000 256.000 0.183
217088.000 163.663 14336.000 10.808 0.000 0.000 0.000 0.000 0.000 0.000
189312.000 144.823 28672.000 21.934 0.000 0.000 0.000 0.000 256.000 0.196
176512.000 135.942 28672.000 22.082 0.000 0.000 0.000 0.000 256.000 0.197
176896.000 136.528 28672.000 22.129 0.000 0.000 0.000 0.000 256.000 0.198
176384.000 136.162 28672.000 22.134 0.000 0.000 0.000 0.000 256.000 0.198
183552.000 140.661 28672.000 21.972 0.000 0.000 0.000 0.000 256.000 0.196
182784.000 141.672 1752.000 1.358 0.000 0.000 0.000 0.000 256.000 0.198
217088.000 155.653 26912.000 19.296 0.000 0.000 0.000 0.000 0.000 0.000
189952.000 146.170 28672.000 22.063 0.000 0.000 0.000 0.000 256.000 0.197
176384.000 135.988 28672.000 22.105 0.000 0.000 0.000 0.000 256.000 0.197
189952.000 141.312 28672.000 21.330 0.000 0.000 0.000 0.000 256.000 0.190
171008.000 131.476 28672.000 22.044 0.000 0.000 0.000 0.000 256.000 0.197
177408.000 135.258 28672.000 21.860 0.000 0.000 0.000 0.000 256.000 0.195
152064.000 118.055 17480.000 13.571 0.000 0.000 0.000 0.000 256.000 0.199
0.000 0.000 11184.000 6.834 0.000 0.000 0.000 0.000 0.000 0.000
126208.000 88.205 0.000 0.000 14928.000 10.433 464.000 0.324 0.000 0.000
165248.000 124.637 28672.000 21.626 0.000 0.000 0.000 0.000 256.000 0.193
177280.000 133.989 28672.000 21.670 0.000 0.000 0.000 0.000 256.000 0.193
180992.000 138.119 28672.000 21.880 0.000 0.000 0.000 0.000 256.000 0.195
189952.000 146.732 0.000 0.000 0.000 0.000 0.000 0.000 128.000 0.099
203520.000 156.533 28672.000 22.053 0.000 0.000 0.000 0.000 128.000 0.098
189952.000 140.891 28672.000 21.267 0.000 0.000 0.000 0.000 256.000 0.190
181504.000 137.756 28672.000 21.761 0.000 0.000 0.000 0.000 256.000 0.194
184832.000 142.619 28672.000 22.124 0.000 0.000 0.000 0.000 256.000 0.198
176384.000 136.232 28672.000 22.145 0.000 0.000 0.000 0.000 256.000 0.198
176384.000 134.852 28672.000 21.921 0.000 0.000 0.000 0.000 256.000 0.196
189952.000 142.331 14336.000 10.742 0.000 0.000 0.000 0.000 256.000 0.192
217088.000 165.772 14336.000 10.947 0.000 0.000 0.000 0.000 0.000 0.000
176384.000 135.870 28672.000 22.086 0.000 0.000 0.000 0.000 256.000 0.197
183168.000 133.284 28672.000 20.863 0.000 0.000 0.000 0.000 256.000 0.186
174336.000 133.830 28672.000 22.010 0.000 0.000 0.000 0.000 256.000 0.197
88704.000 63.412 28672.000 20.497 0.000 0.000 0.000 0.000 256.000 0.183
0.000 0.000 0.000 0.000 0.000 0.000 0.000 0.000 0.000 0.000
190080.000 137.099 0.000 0.000 14928.000 10.767 464.000 0.335 0.000 0.000
169728.000 129.335 28672.000 21.848 0.000 0.000 0.000 0.000 256.000 0.195
181248.000 138.252 28672.000 21.870 0.000 0.000 0.000 0.000 256.000 0.195
189952.000 137.128 28672.000 20.699 0.000 0.000 0.000 0.000 256.000 0.185
183680.000 139.571 28672.000 21.787 0.000 0.000 0.000 0.000 256.000 0.195
182656.000 139.620 28672.000 21.916 0.000 0.000 0.000 0.000 256.000 0.196
226304.000 142.701 28672.000 18.080 0.000 0.000 0.000 0.000 256.000 0.161
174208.000 131.434 28672.000 21.632 0.000 0.000 0.000 0.000 256.000 0.193
210048.000 160.719 0.000 0.000 0.000 0.000 0.000 0.000 0.000 0.000
194560.000 149.105 28672.000 21.973 0.000 0.000 0.000 0.000 256.000 0.196
185344.000 138.577 28672.000 21.437 0.000 0.000 0.000 0.000 256.000 0.191
195328.000 140.391 28672.000 20.608 0.000 0.000 0.000 0.000 256.000 0.184
184576.000 140.936 28672.000 21.893 0.000 0.000 0.000 0.000 256.000 0.195
171904.000 133.391 28672.000 22.248 0.000 0.000 0.000 0.000 256.000 0.199
165632.000 126.962 28672.000 21.978 0.000 0.000 0.000 0.000 256.000 0.196
176512.000 136.180 0.000 0.000 0.000 0.000 0.000 0.000 128.000 0.099
0.000 0.000 28672.000 18.770 0.000 0.000 0.000 0.000 128.000 0.084
31232.000 21.013 0.000 0.000 20224.000 13.607 464.000 0.312 0.000 0.000
188928.000 131.778 28672.000 19.999 1024.000 0.714 0.000 0.000 256.000 0.179
185344.000 140.425 0.000 0.000 1024.000 0.776 0.000 0.000 128.000 0.097
190080.000 145.229 28672.000 21.907 1024.000 0.782 0.000 0.000 128.000 0.098
171904.000 131.153 28672.000 21.875 512.000 0.391 0.000 0.000 256.000 0.195
179200.000 136.094 28672.000 21.775 1024.000 0.778 0.000 0.000 256.000 0.194
176384.000 135.289 28672.000 21.992 1024.000 0.785 0.000 0.000 256.000 0.196
182144.000 140.281 28672.000 22.082 768.000 0.591 0.000 0.000 256.000 0.197
184192.000 141.630 28672.000 22.047 1024.000 0.787 0.000 0.000 256.000 0.197
189952.000 133.973 14336.000 10.111 1024.000 0.722 0.000 0.000 256.000 0.181
217088.000 163.820 14336.000 10.818 1024.000 0.773 0.000 0.000 0.000 0.000
189952.000 144.780 28672.000 21.854 16.000 0.012 0.000 0.000 256.000 0.195
1106432.000 143.349 143360.000 18.574 0.000 0.000 0.000 0.000 1280.000 0.166
195200.000 141.600 28672.000 20.799 0.000 0.000 0.000 0.000 256.000 0.186
177280.000 134.646 28672.000 21.777 0.000 0.000 0.000 0.000 256.000 0.194
177152.000 136.153 28672.000 22.036 0.000 0.000 0.000 0.000 256.000 0.197
183808.000 142.056 28672.000 22.159 0.000 0.000 0.000 0.000 256.000 0.198
178688.000 138.570 28672.000 22.235 0.000 0.000 0.000 0.000 256.000 0.199
179456.000 138.883 9640.000 7.460 0.000 0.000 0.000 0.000 256.000 0.198
217088.000 154.953 19024.000 13.579 0.000 0.000 0.000 0.000 0.000 0.000
190848.000 146.422 28672.000 21.998 0.000 0.000 0.000 0.000 256.000 0.196
184448.000 142.559 28672.000 22.160 0.000 0.000 0.000 0.000 256.000 0.198
179840.000 139.516 28672.000 22.243 0.000 0.000 0.000 0.000 256.000 0.199
172160.000 133.840 28672.000 22.290 0.000 0.000 0.000 0.000 256.000 0.199
176640.000 130.611 28672.000 21.201 0.000 0.000 0.000 0.000 256.000 0.189
153984.000 118.498 23224.000 17.872 0.000 0.000 0.000 0.000 256.000 0.197
201472.000 143.163 5440.000 3.866 0.000 0.000 0.000 0.000 128.000 0.091
202752.000 152.103 28672.000 21.510 0.000 0.000 0.000 0.000 128.000 0.096
0.000 0.000 28672.000 17.141 0.000 0.000 0.000 0.000 256.000 0.153
0.000 0.000 0.000 0.000 0.000 0.000 0.000 0.000 0.000 0.000
0.000 0.000 0.000 0.000 0.000 0.000 0.000 0.000 0.000 0.000
0.000 0.000 0.000 0.000 0.000 0.000 0.000 0.000 0.000 0.000
0.000 0.000 3136.000 2.198 14336.000 10.048 36.000 0.025 79360.000 55.621
0.000 0.000 21504.000 11.772 8448.000 4.625 0.000 0.000 507136.000 277.630
0.000 0.000 17920.000 12.888 7168.000 5.155 0.000 0.000 422144.000 303.594
0.000 0.000 17920.000 12.960 6912.000 4.999 0.000 0.000 429184.000 310.400
0.000 0.000 17920.000 12.963 7168.000 5.185 0.000 0.000 428928.000 310.285
0.000 0.000 18368.000 13.256 7168.000 5.173 0.000 0.000 431104.000 311.129
0.000 0.000 17920.000 12.937 7168.000 5.175 0.000 0.000 429440.000 310.036
0.000 0.000 18368.000 13.174 7168.000 5.141 0.000 0.000 437248.000 313.610
0.000 0.000 67648.000 10.599 13408.000 2.101 0.000 0.000 1594880.000 249.885
0.000 0.000 0.000 0.000 0.000 0.000 0.000 0.000 0.000 0.000
0.000 0.000 0.000 0.000 0.000 0.000 0.000 0.000 0.000 0.000
1043968.000 162.011 175616.000 27.254 8064.000 1.251 1000.000 0.155 6912.000 1.073
266240.000 189.324 75264.000 53.520 0.000 0.000 0.000 0.000 1280.000 0.910
0.000 0.000 0.000 0.000 0.000 0.000 0.000 0.000 0.000 0.000
0.000 0.000 0.000 0.000 0.000 0.000 0.000 0.000 0.000 0.000
388352.000 83.370 106624.000 22.890 3792.000 0.814 1860.000 0.399 4352.000 0.934
