81664.000 67.032 0.000 0.000 8000.000 6.567 304.000 0.250 0.000 0.000
286976.000 205.780 57344.000 41.119 0.000 0.000 0.000 0.000 4608.000 3.304
245760.000 185.994 60928.000 46.111 0.000 0.000 0.000 0.000 5120.000 3.875
245760.000 186.214 68096.000 51.597 0.000 0.000 0.000 0.000 4608.000 3.492
115328.000 74.548 14336.000 9.267 7984.000 5.161 308.000 0.199 0.000 0.000
253312.000 174.397 71680.000 49.349 0.000 0.000 0.000 0.000 6144.000 4.230
276608.000 206.963 71680.000 53.632 0.000 0.000 0.000 0.000 4096.000 3.065
214912.000 159.749 57344.000 42.625 0.000 0.000 0.000 0.000 4096.000 3.045
122880.000 83.766 14336.000 9.773 7984.000 5.443 308.000 0.210 2048.000 1.396
281600.000 200.903 71680.000 51.139 0.000 0.000 0.000 0.000 4096.000 2.922
283264.000 214.591 57344.000 43.442 0.000 0.000 0.000 0.000 4096.000 3.103
172416.000 127.346 57344.000 42.354 0.000 0.000 0.000 0.000 4096.000 3.025
150912.000 95.884 28672.000 18.217 7984.000 5.073 308.000 0.196 2048.000 1.301
291456.000 216.909 57344.000 42.677 0.000 0.000 0.000 0.000 4096.000 3.048
282496.000 213.693 57344.000 43.378 0.000 0.000 0.000 0.000 4096.000 3.098
135296.000 98.447 57344.000 41.726 0.000 0.000 0.000 0.000 4096.000 2.980
231936.000 159.869 25088.000 17.293 10896.000 7.510 296.000 0.204 512.000 0.353
374528.000 262.574 75264.000 52.766 0.000 0.000 0.000 0.000 1536.000 1.077
366080.000 275.064 75264.000 56.552 0.000 0.000 0.000 0.000 1536.000 1.154
389888.000 263.991 75264.000 50.961 0.000 0.000 0.000 0.000 1536.000 1.040
368128.000 272.359 62720.000 46.403 0.000 0.000 0.000 0.000 1536.000 1.136
399360.000 304.205 62720.000 47.776 0.000 0.000 0.000 0.000 1280.000 0.975
0.000 0.000 25088.000 15.912 0.000 0.000 0.000 0.000 256.000 0.162
90176.000 60.817 0.000 0.000 18432.000 12.431 128.000 0.086 0.000 0.000
368128.000 265.670 0.000 0.000 2304.000 1.663 0.000 0.000 0.000 0.000
320512.000 235.388 25088.000 18.425 2304.000 1.692 0.000 0.000 2048.000 1.504
359296.000 235.912 25088.000 16.473 2560.000 1.681 0.000 0.000 2048.000 1.345
333376.000 243.685 12544.000 9.169 1936.000 1.415 0.000 0.000 2048.000 1.497
383200.000 280.943 12544.000 9.197 0.000 0.000 0.000 0.000 0.000 0.000
313712.000 229.629 25088.000 18.364 0.000 0.000 0.000 0.000 2048.000 1.499
317760.000 231.747 25088.000 18.297 0.000 0.000 0.000 0.000 2048.000 1.494
395376.000 289.356 0.000 0.000 0.000 0.000 0.000 0.000 0.000 0.000
328272.000 243.410 25088.000 18.602 0.000 0.000 0.000 0.000 2048.000 1.519
350912.000 243.358 25088.000 17.399 0.000 0.000 0.000 0.000 2048.000 1.420
363120.000 264.752 0.000 0.000 0.000 0.000 0.000 0.000 1024.000 0.747
68416.000 45.556 25088.000 16.705 4368.000 2.908 520.000 0.346 1024.000 0.682
440000.000 290.312 25088.000 16.553 0.000 0.000 0.000 0.000 1024.000 0.676
418560.000 299.862 20384.000 14.603 0.000 0.000 0.000 0.000 1024.000 0.734
461568.000 328.635 4704.000 3.349 0.000 0.000 0.000 0.000 512.000 0.365
462848.000 332.520 25088.000 18.024 0.000 0.000 0.000 0.000 512.000 0.368
179520.000 115.531 25088.000 16.145 3424.000 2.204 2760.000 1.776 1024.000 0.659
445120.000 309.675 0.000 0.000 0.000 0.000 0.000 0.000 0.000 0.000
450240.000 313.354 0.000 0.000 0.000 0.000 0.000 0.000 0.000 0.000
449664.000 314.391 0.000 0.000 0.000 0.000 0.000 0.000 0.000 0.000
455744.000 316.711 0.000 0.000 0.000 0.000 0.000 0.000 0.000 0.000
453312.000 315.492 0.000 0.000 0.000 0.000 0.000 0.000 0.000 0.000
292800.000 203.888 25088.000 17.470 1424.000 0.992 968.000 0.674 2048.000 1.426
452992.000 289.175 25088.000 16.015 0.000 0.000 0.000 0.000 2048.000 1.307
5248.000 3.513 26368.000 17.652 6240.000 4.177 16.000 0.011 19520.000 13.067
0.000 0.000 15104.000 10.670 0.000 0.000 0.000 0.000 183232.000 129.443
