203904.000 32.594 25088.000 4.010 4368.000 0.698 800.000 0.128 256.000 0.041
192576.000 137.289 25088.000 17.885 0.000 0.000 0.000 0.000 256.000 0.183
169920.000 132.705 25088.000 19.593 0.000 0.000 0.000 0.000 256.000 0.200
158592.000 125.713 25088.000 19.887 0.000 0.000 0.000 0.000 256.000 0.203
1501056.000 235.244 326144.000 51.113 10896.000 1.708 352.000 0.055 3328.000 0.522
235648.000 182.252 75264.000 58.210 0.000 0.000 0.000 0.000 768.000 0.594
0.000 0.000 0.000 0.000 0.000 0.000 0.000 0.000 0.000 0.000
0.000 0.000 0.000 0.000 0.000 0.000 0.000 0.000 0.000 0.000
1597440.000 234.750 125440.000 18.434 9104.000 1.338 300.000 0.044 5632.000 0.828
436800.000 317.636 50176.000 36.487 0.000 0.000 0.000 0.000 1536.000 1.117
95680.000 74.098 25088.000 19.429 0.000 0.000 0.000 0.000 1024.000 0.793
860160.000 116.074 200704.000 27.084 7536.000 1.017 304.000 0.041 7168.000 0.967
0.000 0.000 0.000 0.000 0.000 0.000 0.000 0.000 0.000 0.000
0.000 0.000 0.000 0.000 0.000 0.000 0.000 0.000 0.000 0.000
0.000 0.000 0.000 0.000 0.000 0.000 0.000 0.000 0.000 0.000
0.000 0.000 0.000 0.000 0.000 0.000 0.000 0.000 0.000 0.000
0.000 0.000 0.000 0.000 0.000 0.000 0.000 0.000 0.000 0.000
0.000 0.000 0.000 0.000 0.000 0.000 0.000 0.000 0.000 0.000
0.000 0.000 0.000 0.000 0.000 0.000 0.000 0.000 0.000 0.000
0.000 0.000 0.000 0.000 0.000 0.000 0.000 0.000 0.000 0.000
0.000 0.000 0.000 0.000 0.000 0.000 0.000 0.000 0.000 0.000
0.000 0.000 0.000 0.000 0.000 0.000 0.000 0.000 0.000 0.000
396928.000 69.381 100352.000 17.541 5632.000 0.984 612.000 0.107 803840.000 140.507
135552.000 98.631 50176.000 36.509 0.000 0.000 0.000 0.000 1024.000 0.745
0.000 0.000 0.000 0.000 0.000 0.000 0.000 0.000 0.000 0.000
0.000 0.000 0.000 0.000 0.000 0.000 0.000 0.000 0.000 0.000
0.000 0.000 0.000 0.000 0.000 0.000 0.000 0.000 0.000 0.000
1216768.000 175.308 100352.000 14.458 6016.000 0.867 984.000 0.142 407552.000 58.719
32512.000 24.744 25088.000 19.094 0.000 0.000 0.000 0.000 2048.000 1.559
0.000 0.000 0.000 0.000 0.000 0.000 0.000 0.000 0.000 0.000
1605920.000 263.599 25088.000 4.118 4672.000 0.767 3736.000 0.613 4096.000 0.672
443840.000 313.247 0.000 0.000 0.000 0.000 0.000 0.000 0.000 0.000
445504.000 316.803 0.000 0.000 0.000 0.000 0.000 0.000 0.000 0.000
447536.000 318.594 0.000 0.000 0.000 0.000 0.000 0.000 0.000 0.000
2001200.000 274.445 100352.000 13.762 4704.000 0.645 1944.000 0.267 16384.000 2.247
498304.000 352.258 0.000 0.000 0.000 0.000 0.000 0.000 0.000 0.000
383232.000 268.098 25088.000 17.551 0.000 0.000 0.000 0.000 4096.000 2.865
1848320.000 307.427 50176.000 8.346 2384.000 0.397 972.000 0.162 8192.000 1.363
371456.000 273.196 25088.000 18.452 0.000 0.000 0.000 0.000 4096.000 3.012
479616.000 353.020 0.000 0.000 0.000 0.000 0.000 0.000 0.000 0.000
488064.000 358.357 0.000 0.000 0.000 0.000 0.000 0.000 0.000 0.000
2074848.000 289.067 25088.000 3.495 12944.000 1.803 1584.000 0.221 4096.000 0.571
443488.000 316.587 0.000 0.000 0.000 0.000 0.000 0.000 0.000 0.000
441024.000 316.516 0.000 0.000 0.000 0.000 0.000 0.000 0.000 0.000
1997904.000 331.804 0.000 0.000 0.000 0.000 0.000 0.000 0.000 0.000
417584.000 298.402 8192.000 5.854 0.000 0.000 0.000 0.000 2048.000 1.463
441408.000 316.496 0.000 0.000 0.000 0.000 0.000 0.000 0.000 0.000
2383984.000 332.434 0.000 0.000 0.000 0.000 0.000 0.000 0.000 0.000
454592.000 315.454 0.000 0.000 0.000 0.000 0.000 0.000 0.000 0.000
442816.000 317.338 0.000 0.000 0.000 0.000 0.000 0.000 0.000 0.000
807632.000 244.917 8192.000 2.484 0.000 0.000 0.000 0.000 2048.000 0.621
