90624.000 75.419 0.000 0.000 14736.000 12.264 800.000 0.666 0.000 0.000
226560.000 163.864 0.000 0.000 0.000 0.000 0.000 0.000 0.000 0.000
174848.000 132.624 25088.000 19.030 0.000 0.000 0.000 0.000 256.000 0.194
210560.000 158.103 0.000 0.000 0.000 0.000 0.000 0.000 0.000 0.000
210368.000 139.812 25088.000 16.674 0.000 0.000 0.000 0.000 256.000 0.170
175680.000 130.020 21352.000 15.802 0.000 0.000 0.000 0.000 256.000 0.189
221952.000 167.092 3728.000 2.807 0.000 0.000 0.000 0.000 0.000 0.000
173760.000 131.001 25088.000 18.914 0.000 0.000 0.000 0.000 256.000 0.193
214848.000 161.505 0.000 0.000 0.000 0.000 0.000 0.000 0.000 0.000
192576.000 138.621 25088.000 18.059 0.000 0.000 0.000 0.000 256.000 0.184
211776.000 159.412 0.000 0.000 0.000 0.000 0.000 0.000 0.000 0.000
196032.000 136.140 25088.000 17.423 0.000 0.000 0.000 0.000 256.000 0.178
224640.000 159.519 0.000 0.000 0.000 0.000 0.000 0.000 0.000 0.000
183168.000 133.907 25088.000 18.341 0.000 0.000 0.000 0.000 256.000 0.187
192576.000 138.340 12544.000 9.011 0.000 0.000 0.000 0.000 256.000 0.184
0.000 0.000 12544.000 9.387 0.000 0.000 0.000 0.000 0.000 0.000
0.000 0.000 0.000 0.000 0.000 0.000 0.000 0.000 0.000 0.000
0.000 0.000 0.000 0.000 0.000 0.000 0.000 0.000 0.000 0.000
0.000 0.000 0.000 0.000 0.000 0.000 0.000 0.000 0.000 0.000
152448.000 109.142 0.000 0.000 14736.000 10.550 800.000 0.573 0.000 0.000
210048.000 156.949 0.000 0.000 0.000 0.000 0.000 0.000 0.000 0.000
181248.000 136.483 25088.000 18.892 0.000 0.000 0.000 0.000 256.000 0.193
181248.000 137.167 12544.000 9.493 0.000 0.000 0.000 0.000 256.000 0.194
1144128.000 146.865 87808.000 11.271 0.000 0.000 0.000 0.000 768.000 0.099
223744.000 161.319 0.000 0.000 0.000 0.000 0.000 0.000 0.000 0.000
174976.000 133.016 25088.000 19.072 0.000 0.000 0.000 0.000 256.000 0.195
218368.000 161.604 0.000 0.000 0.000 0.000 0.000 0.000 0.000 0.000
175872.000 133.894 25088.000 19.100 0.000 0.000 0.000 0.000 256.000 0.195
237888.000 163.071 0.000 0.000 0.000 0.000 0.000 0.000 0.000 0.000
0.000 0.000 25088.000 17.476 0.000 0.000 0.000 0.000 256.000 0.178
199296.000 145.744 0.000 0.000 14736.000 10.776 800.000 0.585 0.000 0.000
174144.000 131.598 25088.000 18.959 0.000 0.000 0.000 0.000 256.000 0.193
215616.000 163.742 0.000 0.000 0.000 0.000 0.000 0.000 0.000 0.000
176192.000 133.914 25088.000 19.068 0.000 0.000 0.000 0.000 256.000 0.195
208960.000 157.982 0.000 0.000 0.000 0.000 0.000 0.000 0.000 0.000
188096.000 137.285 25088.000 18.311 0.000 0.000 0.000 0.000 256.000 0.187
242368.000 160.127 0.000 0.000 0.000 0.000 0.000 0.000 0.000 0.000
192064.000 136.385 25088.000 17.815 0.000 0.000 0.000 0.000 256.000 0.182
215744.000 155.324 0.000 0.000 0.000 0.000 0.000 0.000 0.000 0.000
185088.000 138.437 25088.000 18.765 0.000 0.000 0.000 0.000 256.000 0.191
177408.000 131.489 12544.000 9.297 0.000 0.000 0.000 0.000 256.000 0.190
223872.000 166.126 12544.000 9.308 0.000 0.000 0.000 0.000 0.000 0.000
180352.000 134.483 25088.000 18.707 0.000 0.000 0.000 0.000 256.000 0.191
275456.000 158.847 0.000 0.000 0.000 0.000 0.000 0.000 0.000 0.000
45312.000 33.894 25088.000 18.766 0.000 0.000 0.000 0.000 256.000 0.191
0.000 0.000 0.000 0.000 0.000 0.000 0.000 0.000 0.000 0.000
0.000 0.000 0.000 0.000 0.000 0.000 0.000 0.000 0.000 0.000
0.000 0.000 0.000 0.000 0.000 0.000 0.000 0.000 0.000 0.000
0.000 0.000 0.000 0.000 0.000 0.000 0.000 0.000 0.000 0.000
0.000 0.000 0.000 0.000 0.000 0.000 0.000 0.000 0.000 0.000
724992.000 109.731 37064.000 5.610 14736.000 2.230 800.000 0.121 512.000 0.077
212160.000 157.996 13104.000 9.759 0.000 0.000 0.000 0.000 0.000 0.000
184320.000 133.843 25088.000 18.217 0.000 0.000 0.000 0.000 256.000 0.186
974208.000 149.974 50176.000 7.724 0.000 0.000 0.000 0.000 512.000 0.079
196544.000 136.135 25088.000 17.377 0.000 0.000 0.000 0.000 256.000 0.177
222592.000 162.853 0.000 0.000 0.000 0.000 0.000 0.000 0.000 0.000
181248.000 133.355 25088.000 18.459 0.000 0.000 0.000 0.000 256.000 0.188
1352832.000 197.038 150528.000 21.924 5408.000 0.788 1776.000 0.259 5376.000 0.783
79872.000 59.684 25088.000 18.747 0.000 0.000 0.000 0.000 1024.000 0.765
0.000 0.000 0.000 0.000 0.000 0.000 0.000 0.000 0.000 0.000
1064960.000 168.441 200704.000 31.745 9104.000 1.440 580.000 0.092 8192.000 1.296
0.000 0.000 0.000 0.000 0.000 0.000 0.000 0.000 0.000 0.000
0.000 0.000 0.000 0.000 0.000 0.000 0.000 0.000 0.000 0.000
0.000 0.000 0.000 0.000 0.000 0.000 0.000 0.000 0.000 0.000
1586304.000 251.910 75264.000 11.952 4240.000 0.673 520.000 0.083 3072.000 0.488
265088.000 194.574 25088.000 18.415 0.000 0.000 0.000 0.000 1024.000 0.752
0.000 0.000 0.000 0.000 0.000 0.000 0.000 0.000 0.000 0.000
0.000 0.000 0.000 0.000 0.000 0.000 0.000 0.000 0.000 0.000
0.000 0.000 0.000 0.000 0.000 0.000 0.000 0.000 0.000 0.000
0.000 0.000 0.000 0.000 0.000 0.000 0.000 0.000 0.000 0.000
0.000 0.000 0.000 0.000 0.000 0.000 0.000 0.000 0.000 0.000
856688.000 132.811 25088.000 3.889 6656.000 1.032 2780.000 0.431 401408.000 62.230
462928.000 309.367 0.000 0.000 0.000 0.000 0.000 0.000 0.000 0.000
482368.000 313.159 0.000 0.000 0.000 0.000 0.000 0.000 0.000 0.000
452032.000 318.030 0.000 0.000 0.000 0.000 0.000 0.000 0.000 0.000
1881248.000 289.882 25088.000 3.866 3488.000 0.537 2764.000 0.426 4096.000 0.631
440256.000 294.271 0.000 0.000 0.000 0.000 0.000 0.000 0.000 0.000
243424.000 172.195 25088.000 17.747 0.000 0.000 0.000 0.000 4096.000 2.897
1574048.000 262.967 0.000 0.000 3488.000 0.583 2764.000 0.462 0.000 0.000
459056.000 316.979 0.000 0.000 0.000 0.000 0.000 0.000 0.000 0.000
376368.000 266.928 12544.000 8.896 0.000 0.000 0.000 0.000 4096.000 2.905
0.000 0.000 12544.000 9.455 0.000 0.000 0.000 0.000 0.000 0.000
1016112.000 133.926 0.000 0.000 3488.000 0.460 2764.000 0.364 0.000 0.000
453584.000 315.770 0.000 0.000 0.000 0.000 0.000 0.000 0.000 0.000
429744.000 283.448 0.000 0.000 0.000 0.000 0.000 0.000 0.000 0.000
1743312.000 250.023 100352.000 14.392 2704.000 0.388 968.000 0.139 10240.000 1.469
16000.000 9.769 25088.000 15.318 0.000 0.000 0.000 0.000 2048.000 1.250
0.000 0.000 0.000 0.000 0.000 0.000 0.000 0.000 0.000 0.000
0.000 0.000 0.000 0.000 0.000 0.000 0.000 0.000 0.000 0.000
0.000 0.000 0.000 0.000 0.000 0.000 0.000 0.000 0.000 0.000
1540864.000 259.535 25088.000 4.226 2384.000 0.402 972.000 0.164 4096.000 0.690
505472.000 354.143 0.000 0.000 0.000 0.000 0.000 0.000 0.000 0.000
452224.000 327.329 0.000 0.000 0.000 0.000 0.000 0.000 0.000 0.000
0.000 0.000 25088.000 19.528 0.000 0.000 0.000 0.000 4096.000 3.188
1249280.000 211.747 50176.000 8.505 1616.000 0.274 972.000 0.165 8192.000 1.389
0.000 0.000 0.000 0.000 0.000 0.000 0.000 0.000 0.000 0.000
0.000 0.000 0.000 0.000 0.000 0.000 0.000 0.000 0.000 0.000
0.000 0.000 0.000 0.000 0.000 0.000 0.000 0.000 0.000 0.000
1249280.000 207.942 50176.000 8.352 1616.000 0.269 972.000 0.162 8192.000 1.364
0.000 0.000 0.000 0.000 0.000 0.000 0.000 0.000 0.000 0.000
1221760.000 239.195 50176.000 9.823 2384.000 0.467 1944.000 0.381 8192.000 1.604
27520.000 18.196 25088.000 16.588 0.000 0.000 0.000 0.000 4096.000 2.708
0.000 0.000 0.000 0.000 0.000 0.000 0.000 0.000 0.000 0.000
0.000 0.000 0.000 0.000 0.000 0.000 0.000 0.000 0.000 0.000
0.000 0.000 0.000 0.000 0.000 0.000 0.000 0.000 0.000 0.000
0.000 0.000 0.000 0.000 0.000 0.000 0.000 0.000 0.000 0.000
1574048.000 243.004 0.000 0.000 12944.000 1.998 2760.000 0.426 0.000 0.000
456640.000 264.106 0.000 0.000 0.000 0.000 0.000 0.000 0.000 0.000
411952.000 261.520 0.000 0.000 0.000 0.000 0.000 0.000 0.000 0.000
2077312.000 299.185 0.000 0.000 0.000 0.000 0.000 0.000 0.000 0.000
366096.000 230.722 25088.000 15.811 0.000 0.000 0.000 0.000 2048.000 1.291
432704.000 271.419 0.000 0.000 0.000 0.000 0.000 0.000 0.000 0.000
2013520.000 309.263 0.000 0.000 0.000 0.000 0.000 0.000 0.000 0.000
410672.000 261.620 0.000 0.000 0.000 0.000 0.000 0.000 0.000 0.000
434496.000 290.919 0.000 0.000 0.000 0.000 0.000 0.000 0.000 0.000
1460448.000 215.785 25088.000 3.707 0.000 0.000 0.000 0.000 2048.000 0.303
0.000 0.000 0.000 0.000 0.000 0.000 0.000 0.000 0.000 0.000
0.000 0.000 0.000 0.000 0.000 0.000 0.000 0.000 0.000 0.000
0.000 0.000 0.000 0.000 0.000 0.000 0.000 0.000 0.000 0.000
1516432.000 240.765 0.000 0.000 12944.000 2.055 2760.000 0.438 0.000 0.000
437936.000 290.945 0.000 0.000 0.000 0.000 0.000 0.000 0.000 0.000
423616.000 276.357 0.000 0.000 0.000 0.000 0.000 0.000 0.000 0.000
2250800.000 322.244 0.000 0.000 0.000 0.000 0.000 0.000 0.000 0.000
383664.000 264.768 25088.000 17.313 0.000 0.000 0.000 0.000 2048.000 1.413
449600.000 316.041 0.000 0.000 0.000 0.000 0.000 0.000 0.000 0.000
448304.000 318.016 0.000 0.000 0.000 0.000 0.000 0.000 0.000 0.000
3511520.000 280.196 0.000 0.000 0.000 0.000 0.000 0.000 0.000 0.000
215888.000 133.252 25088.000 15.485 0.000 0.000 0.000 0.000 2048.000 1.264
0.000 0.000 0.000 0.000 0.000 0.000 0.000 0.000 0.000 0.000
0.000 0.000 0.000 0.000 0.000 0.000 0.000 0.000 0.000 0.000
2832704.000 220.739 0.000 0.000 12944.000 1.009 2760.000 0.215 0.000 0.000
480320.000 283.067 0.000 0.000 0.000 0.000 0.000 0.000 0.000 0.000
484176.000 255.902 0.000 0.000 0.000 0.000 0.000 0.000 0.000 0.000
2170272.000 270.711 25088.000 3.129 0.000 0.000 0.000 0.000 2048.000 0.255
425776.000 271.145 0.000 0.000 0.000 0.000 0.000 0.000 0.000 0.000
470352.000 252.647 0.000 0.000 0.000 0.000 0.000 0.000 0.000 0.000
468416.000 244.138 0.000 0.000 0.000 0.000 0.000 0.000 0.000 0.000
412592.000 261.769 0.000 0.000 0.000 0.000 0.000 0.000 0.000 0.000
429760.000 286.369 0.000 0.000 0.000 0.000 0.000 0.000 0.000 0.000
4959536.000 211.841 25088.000 1.072 12944.000 0.553 1584.000 0.068 2048.000 0.087
457024.000 296.309 0.000 0.000 0.000 0.000 0.000 0.000 0.000 0.000
2182688.000 274.644 8192.000 1.031 0.000 0.000 0.000 0.000 2048.000 0.258
1103712.000 278.831 0.000 0.000 0.000 0.000 0.000 0.000 0.000 0.000
446272.000 310.400 0.000 0.000 0.000 0.000 0.000 0.000 0.000 0.000
450880.000 315.367 0.000 0.000 0.000 0.000 0.000 0.000 0.000 0.000
1501296.000 188.508 8192.000 1.029 0.000 0.000 0.000 0.000 2048.000 0.257
