176128.000 148.184 0.000 0.000 9120.000 7.673 408.000 0.343 0.000 0.000
398976.000 288.902 25088.000 18.166 0.000 0.000 0.000 0.000 1024.000 0.741
460160.000 350.497 12544.000 9.555 0.000 0.000 0.000 0.000 512.000 0.390
379904.000 281.594 12544.000 9.298 0.000 0.000 0.000 0.000 768.000 0.569
445568.000 325.953 25088.000 18.353 0.000 0.000 0.000 0.000 768.000 0.562
420736.000 317.304 25088.000 18.920 0.000 0.000 0.000 0.000 1024.000 0.772
217088.000 149.259 25088.000 17.249 11920.000 8.196 352.000 0.242 512.000 0.352
325632.000 254.189 75624.000 59.032 0.000 0.000 0.000 0.000 1792.000 1.399
326144.000 254.402 94136.000 73.429 0.000 0.000 0.000 0.000 1792.000 1.398
401152.000 299.736 81104.000 60.600 0.000 0.000 0.000 0.000 1536.000 1.148
358016.000 285.224 75264.000 59.961 0.000 0.000 0.000 0.000 1792.000 1.428
108544.000 77.262 50176.000 35.716 0.000 0.000 0.000 0.000 768.000 0.547
56512.000 37.111 0.000 0.000 13584.000 8.921 1416.000 0.930 0.000 0.000
420032.000 303.647 0.000 0.000 0.000 0.000 0.000 0.000 0.000 0.000
445696.000 310.756 0.000 0.000 0.000 0.000 0.000 0.000 0.000 0.000
432192.000 317.917 0.000 0.000 0.000 0.000 0.000 0.000 0.000 0.000
351040.000 259.327 25088.000 18.533 0.000 0.000 0.000 0.000 1024.000 0.756
452160.000 315.935 0.000 0.000 0.000 0.000 0.000 0.000 0.000 0.000
432576.000 320.017 0.000 0.000 0.000 0.000 0.000 0.000 0.000 0.000
431680.000 315.609 0.000 0.000 0.000 0.000 0.000 0.000 0.000 0.000
349760.000 260.467 25088.000 18.683 0.000 0.000 0.000 0.000 1024.000 0.763
453696.000 313.703 0.000 0.000 0.000 0.000 0.000 0.000 0.000 0.000
432768.000 318.252 0.000 0.000 0.000 0.000 0.000 0.000 0.000 0.000
436416.000 320.291 0.000 0.000 0.000 0.000 0.000 0.000 0.000 0.000
352320.000 260.594 25088.000 18.556 0.000 0.000 0.000 0.000 1024.000 0.757
437952.000 320.581 0.000 0.000 0.000 0.000 0.000 0.000 0.000 0.000
454720.000 316.856 0.000 0.000 0.000 0.000 0.000 0.000 0.000 0.000
435008.000 318.503 0.000 0.000 0.000 0.000 0.000 0.000 0.000 0.000
156416.000 104.516 25088.000 16.764 8592.000 5.741 576.000 0.385 1024.000 0.684
453248.000 336.910 50176.000 37.297 0.000 0.000 0.000 0.000 1024.000 0.761
462208.000 345.778 40904.000 30.600 0.000 0.000 0.000 0.000 1024.000 0.766
532480.000 397.038 34352.000 25.614 0.000 0.000 0.000 0.000 768.000 0.573
475776.000 357.323 50176.000 37.684 0.000 0.000 0.000 0.000 768.000 0.577
56704.000 38.884 25088.000 17.204 0.000 0.000 0.000 0.000 512.000 0.351
430720.000 309.152 0.000 0.000 8592.000 6.167 520.000 0.373 0.000 0.000
405888.000 286.119 25088.000 17.685 0.000 0.000 0.000 0.000 1024.000 0.722
410688.000 293.296 25088.000 17.917 0.000 0.000 0.000 0.000 1024.000 0.731
2867008.000 273.990 150528.000 14.385 3920.000 0.375 580.000 0.055 6144.000 0.587
502784.000 353.027 25088.000 17.615 0.000 0.000 0.000 0.000 1024.000 0.719
212640.000 153.843 25088.000 18.151 3920.000 2.836 1476.000 1.068 1024.000 0.741
234336.000 175.136 0.000 0.000 0.000 0.000 0.000 0.000 0.000 0.000
185280.000 141.393 25088.000 19.145 0.000 0.000 0.000 0.000 1024.000 0.781
234688.000 177.478 0.000 0.000 0.000 0.000 0.000 0.000 0.000 0.000
119168.000 81.247 25088.000 17.105 3920.000 2.673 1476.000 1.006 1024.000 0.698
229600.000 172.664 0.000 0.000 0.000 0.000 0.000 0.000 0.000 0.000
184832.000 141.238 25088.000 19.171 0.000 0.000 0.000 0.000 1024.000 0.782
232224.000 174.861 0.000 0.000 0.000 0.000 0.000 0.000 0.000 0.000
117760.000 84.183 25088.000 17.935 3920.000 2.802 1476.000 1.055 1024.000 0.732
234304.000 174.607 0.000 0.000 0.000 0.000 0.000 0.000 0.000 0.000
184512.000 140.802 25088.000 19.145 0.000 0.000 0.000 0.000 1024.000 0.781
229248.000 173.225 0.000 0.000 0.000 0.000 0.000 0.000 0.000 0.000
159040.000 104.185 25088.000 16.435 1856.000 1.216 2760.000 1.808 1024.000 0.671
433472.000 310.408 0.000 0.000 0.000 0.000 0.000 0.000 0.000 0.000
441280.000 314.533 0.000 0.000 0.000 0.000 0.000 0.000 0.000 0.000
369728.000 267.704 25088.000 18.165 0.000 0.000 0.000 0.000 2048.000 1.483
0.000 0.000 8192.000 5.891 5728.000 4.119 36.000 0.026 100352.000 72.163
