1214464.000 127.953 70304.000 7.407 33936.000 3.575 336.000 0.035 1664.000 0.175
853536.000 244.123 54080.000 15.468 0.000 0.000 0.000 0.000 1280.000 0.366
323072.000 245.095 21632.000 16.411 0.000 0.000 0.000 0.000 512.000 0.388
318944.000 246.186 21632.000 16.697 0.000 0.000 0.000 0.000 512.000 0.395
75264.000 57.228 5408.000 4.112 0.000 0.000 0.000 0.000 128.000 0.097
0.000 0.000 0.000 0.000 0.000 0.000 0.000 0.000 0.000 0.000
0.000 0.000 0.000 0.000 0.000 0.000 0.000 0.000 0.000 0.000
961040.000 126.901 54080.000 7.141 37120.000 4.902 32.000 0.004 2560.000 0.338
298208.000 216.271 16224.000 11.766 6144.000 4.456 0.000 0.000 768.000 0.557
292208.000 212.425 16224.000 11.794 5632.000 4.094 0.000 0.000 768.000 0.558
285616.000 206.506 16224.000 11.730 5632.000 4.072 0.000 0.000 768.000 0.555
279328.000 219.139 16224.000 12.728 5008.000 3.929 0.000 0.000 768.000 0.603
284576.000 224.201 16224.000 12.782 0.000 0.000 0.000 0.000 768.000 0.605
282448.000 224.520 16224.000 12.897 0.000 0.000 0.000 0.000 768.000 0.610
284160.000 226.934 16224.000 12.957 0.000 0.000 0.000 0.000 768.000 0.613
63456.000 50.945 5408.000 4.342 0.000 0.000 0.000 0.000 256.000 0.206
0.000 0.000 0.000 0.000 0.000 0.000 0.000 0.000 0.000 0.000
0.000 0.000 0.000 0.000 0.000 0.000 0.000 0.000 0.000 0.000
1115248.000 145.531 59488.000 7.763 40192.000 5.245 32.000 0.004 2816.000 0.367
283328.000 215.485 16224.000 12.339 5632.000 4.283 0.000 0.000 768.000 0.584
265984.000 204.852 16224.000 12.495 5376.000 4.140 0.000 0.000 768.000 0.591
295584.000 215.960 16224.000 11.854 5632.000 4.115 0.000 0.000 768.000 0.561
283744.000 221.134 16224.000 12.644 2704.000 2.107 0.000 0.000 768.000 0.599
283696.000 225.630 16224.000 12.903 0.000 0.000 0.000 0.000 768.000 0.611
284416.000 225.168 16224.000 12.844 0.000 0.000 0.000 0.000 768.000 0.608
219040.000 173.705 16224.000 12.866 0.000 0.000 0.000 0.000 768.000 0.609
0.000 0.000 0.000 0.000 0.000 0.000 0.000 0.000 0.000 0.000
0.000 0.000 0.000 0.000 0.000 0.000 0.000 0.000 0.000 0.000
0.000 0.000 0.000 0.000 0.000 0.000 0.000 0.000 0.000 0.000
0.000 0.000 0.000 0.000 0.000 0.000 0.000 0.000 0.000 0.000
55360.000 40.700 0.000 0.000 19200.000 14.116 32.000 0.024 0.000 0.000
278032.000 211.619 16224.000 12.349 5120.000 3.897 0.000 0.000 384.000 0.292
284992.000 221.370 16224.000 12.602 5376.000 4.176 0.000 0.000 384.000 0.298
286496.000 223.876 16224.000 12.678 5376.000 4.201 0.000 0.000 384.000 0.300
286496.000 223.706 16224.000 12.668 5632.000 4.398 0.000 0.000 384.000 0.300
285664.000 225.296 16224.000 12.795 5376.000 4.240 0.000 0.000 384.000 0.303
287952.000 205.185 16224.000 11.561 5376.000 3.831 0.000 0.000 384.000 0.274
287744.000 223.442 16224.000 12.598 5376.000 4.175 0.000 0.000 384.000 0.298
289792.000 228.820 16224.000 12.811 656.000 0.518 0.000 0.000 384.000 0.303
289664.000 229.477 16224.000 12.853 0.000 0.000 0.000 0.000 384.000 0.304
290784.000 231.924 16224.000 12.940 0.000 0.000 0.000 0.000 384.000 0.306
108064.000 76.963 10816.000 7.703 0.000 0.000 0.000 0.000 256.000 0.182
0.000 0.000 0.000 0.000 2912.000 1.799 0.000 0.000 2432.000 1.503
0.000 0.000 21632.000 14.132 0.000 0.000 36.000 0.024 347008.000 226.700
0.000 0.000 21632.000 15.378 0.000 0.000 0.000 0.000 342784.000 243.678
378880.000 274.869 21632.000 15.694 7328.000 5.316 32.000 0.023 512.000 0.371
