3074688.000 268.435 275968.000 24.093 19488.000 1.701 760.000 0.066 3840.000 0.335
400768.000 292.649 83752.000 61.157 0.000 0.000 0.000 0.000 1024.000 0.748
418688.000 323.909 91856.000 71.062 0.000 0.000 0.000 0.000 768.000 0.594
124032.000 86.823 50176.000 35.123 0.000 0.000 0.000 0.000 512.000 0.358
64384.000 40.394 0.000 0.000 17552.000 11.012 300.000 0.188 0.000 0.000
468096.000 333.262 25704.000 18.300 0.000 0.000 0.000 0.000 1664.000 1.185
491520.000 361.949 49552.000 36.489 0.000 0.000 0.000 0.000 1408.000 1.037
3235840.000 274.729 326144.000 27.690 0.000 0.000 0.000 0.000 13312.000 1.130
444224.000 313.585 25088.000 17.710 17552.000 12.390 300.000 0.212 1024.000 0.723
461888.000 325.925 50176.000 35.406 0.000 0.000 0.000 0.000 2048.000 1.445
425088.000 310.523 37632.000 27.490 0.000 0.000 0.000 0.000 2048.000 1.496
528640.000 393.808 37632.000 28.034 0.000 0.000 0.000 0.000 1024.000 0.763
417792.000 309.627 50176.000 37.186 0.000 0.000 0.000 0.000 2048.000 1.518
5682048.000 278.551 250880.000 12.299 13456.000 0.660 1416.000 0.069 10240.000 0.502
449216.000 312.557 0.000 0.000 0.000 0.000 0.000 0.000 0.000 0.000
2335216.000 199.907 75264.000 6.443 9152.000 0.783 2796.000 0.239 403456.000 34.538
439488.000 307.315 0.000 0.000 0.000 0.000 0.000 0.000 0.000 0.000
452672.000 312.675 0.000 0.000 0.000 0.000 0.000 0.000 0.000 0.000
447680.000 316.879 0.000 0.000 0.000 0.000 0.000 0.000 0.000 0.000
446400.000 317.562 0.000 0.000 0.000 0.000 0.000 0.000 0.000 0.000
449984.000 317.566 0.000 0.000 0.000 0.000 0.000 0.000 0.000 0.000
3082720.000 265.745 50176.000 4.325 6848.000 0.590 5520.000 0.476 4096.000 0.353
455296.000 310.598 0.000 0.000 0.000 0.000 0.000 0.000 0.000 0.000
446896.000 316.660 0.000 0.000 0.000 0.000 0.000 0.000 0.000 0.000
447040.000 318.126 0.000 0.000 0.000 0.000 0.000 0.000 0.000 0.000
445760.000 317.685 0.000 0.000 0.000 0.000 0.000 0.000 0.000 0.000
254064.000 176.091 25088.000 17.388 3424.000 2.373 2760.000 1.913 2048.000 1.419
445760.000 315.384 0.000 0.000 0.000 0.000 0.000 0.000 0.000 0.000
3195216.000 269.189 100352.000 8.454 4512.000 0.380 1940.000 0.163 10240.000 0.863
400128.000 281.034 12544.000 8.810 0.000 0.000 0.000 0.000 4096.000 2.877
483072.000 346.631 12544.000 9.001 0.000 0.000 0.000 0.000 0.000 0.000
363136.000 263.173 25088.000 18.182 0.000 0.000 0.000 0.000 4096.000 2.968
403072.000 291.170 12544.000 9.061 0.000 0.000 0.000 0.000 4096.000 2.959
272256.000 190.613 12544.000 8.782 2256.000 1.579 968.000 0.678 0.000 0.000
488064.000 354.535 0.000 0.000 0.000 0.000 0.000 0.000 0.000 0.000
488960.000 323.727 0.000 0.000 0.000 0.000 0.000 0.000 0.000 0.000
419712.000 299.510 25088.000 17.903 0.000 0.000 0.000 0.000 2048.000 1.461
484480.000 354.473 0.000 0.000 0.000 0.000 0.000 0.000 0.000 0.000
345088.000 253.376 25088.000 18.421 0.000 0.000 0.000 0.000 2048.000 1.504
231536.000 164.045 0.000 0.000 13008.000 9.216 1584.000 1.122 0.000 0.000
434864.000 312.319 0.000 0.000 0.000 0.000 0.000 0.000 0.000 0.000
442048.000 314.853 0.000 0.000 0.000 0.000 0.000 0.000 0.000 0.000
8529440.000 269.688 16384.000 0.518 0.000 0.000 0.000 0.000 4096.000 0.130
