181248.000 151.747 0.000 0.000 4256.000 3.563 800.000 0.670 0.000 0.000
181248.000 129.543 25088.000 17.931 0.000 0.000 0.000 0.000 384.000 0.274
181248.000 139.325 25088.000 19.285 0.000 0.000 0.000 0.000 256.000 0.197
181248.000 138.712 25088.000 19.200 0.000 0.000 0.000 0.000 256.000 0.196
122944.000 85.941 25088.000 17.537 4240.000 2.964 800.000 0.559 128.000 0.089
182784.000 136.730 25088.000 18.767 0.000 0.000 0.000 0.000 256.000 0.191
181248.000 139.155 25088.000 19.262 0.000 0.000 0.000 0.000 256.000 0.197
210176.000 142.517 25088.000 17.012 0.000 0.000 0.000 0.000 256.000 0.174
95680.000 69.271 25088.000 18.163 4240.000 3.070 800.000 0.579 256.000 0.185
195072.000 140.071 25088.000 18.014 0.000 0.000 0.000 0.000 256.000 0.184
180992.000 138.850 25088.000 19.246 0.000 0.000 0.000 0.000 256.000 0.196
179008.000 137.910 25088.000 19.328 0.000 0.000 0.000 0.000 256.000 0.197
101952.000 75.402 25088.000 18.555 0.000 0.000 0.000 0.000 256.000 0.189
181248.000 134.835 12544.000 9.332 4240.000 3.154 800.000 0.595 256.000 0.190
203904.000 139.943 37632.000 25.828 0.000 0.000 0.000 0.000 256.000 0.176
181248.000 137.377 25088.000 19.015 0.000 0.000 0.000 0.000 256.000 0.194
158592.000 121.475 25088.000 19.216 0.000 0.000 0.000 0.000 256.000 0.196
239232.000 165.487 50176.000 34.709 10896.000 7.537 352.000 0.243 512.000 0.354
412032.000 313.661 75264.000 57.295 0.000 0.000 0.000 0.000 896.000 0.682
380416.000 290.447 100352.000 76.619 0.000 0.000 0.000 0.000 896.000 0.684
379392.000 294.105 87808.000 68.069 0.000 0.000 0.000 0.000 1024.000 0.794
325632.000 237.519 87808.000 64.048 0.000 0.000 0.000 0.000 768.000 0.560
0.000 0.000 0.000 0.000 0.000 0.000 0.000 0.000 0.000 0.000
184368.000 130.639 0.000 0.000 18432.000 13.060 128.000 0.091 0.000 0.000
333696.000 241.277 25088.000 18.140 2560.000 1.851 0.000 0.000 1024.000 0.740
386032.000 282.241 0.000 0.000 2304.000 1.685 0.000 0.000 0.000 0.000
361760.000 251.883 25088.000 17.468 2560.000 1.782 0.000 0.000 1024.000 0.713
343584.000 251.806 25088.000 18.386 912.000 0.668 0.000 0.000 1024.000 0.750
374256.000 253.448 25088.000 16.990 0.000 0.000 0.000 0.000 1024.000 0.693
376304.000 270.917 0.000 0.000 0.000 0.000 0.000 0.000 0.000 0.000
341616.000 250.610 25088.000 18.405 0.000 0.000 0.000 0.000 1024.000 0.751
347760.000 257.825 25088.000 18.600 0.000 0.000 0.000 0.000 1024.000 0.759
384096.000 284.547 0.000 0.000 0.000 0.000 0.000 0.000 512.000 0.379
355568.000 264.162 25088.000 18.639 0.000 0.000 0.000 0.000 512.000 0.380
134928.000 85.568 25088.000 15.910 0.000 0.000 0.000 0.000 1024.000 0.649
0.000 0.000 9408.000 5.417 11360.000 6.541 36.000 0.021 50176.000 28.890
0.000 0.000 53312.000 35.603 0.000 0.000 0.000 0.000 213248.000 142.413
0.000 0.000 50176.000 36.428 0.000 0.000 0.000 0.000 200704.000 145.710
0.000 0.000 50176.000 36.705 0.000 0.000 0.000 0.000 200704.000 146.822
0.000 0.000 37632.000 26.217 0.000 0.000 0.000 0.000 137984.000 96.129
299264.000 202.408 0.000 0.000 3744.000 2.532 576.000 0.390 0.000 0.000
534272.000 384.004 25088.000 18.032 0.000 0.000 0.000 0.000 512.000 0.368
231424.000 151.610 29008.000 19.004 2912.000 1.908 36.000 0.024 74112.000 48.552
0.000 0.000 8624.000 5.923 0.000 0.000 0.000 0.000 127104.000 87.291
