81792.000 67.965 0.000 0.000 10912.000 9.067 296.000 0.246 0.000 0.000
397696.000 279.729 75264.000 52.939 0.000 0.000 0.000 0.000 1536.000 1.080
337728.000 253.822 75264.000 56.565 0.000 0.000 0.000 0.000 1536.000 1.154
380864.000 290.109 50176.000 38.220 0.000 0.000 0.000 0.000 1280.000 0.975
399360.000 285.092 75264.000 53.729 0.000 0.000 0.000 0.000 1536.000 1.097
399360.000 296.851 75264.000 55.945 0.000 0.000 0.000 0.000 1280.000 0.951
133120.000 91.910 50176.000 34.643 0.000 0.000 0.000 0.000 1024.000 0.707
30720.000 19.983 0.000 0.000 17552.000 11.417 300.000 0.195 0.000 0.000
501760.000 358.236 25088.000 17.912 0.000 0.000 0.000 0.000 1024.000 0.731
445824.000 326.038 50176.000 36.694 0.000 0.000 0.000 0.000 2048.000 1.498
403200.000 294.933 50176.000 36.703 0.000 0.000 0.000 0.000 2048.000 1.498
497152.000 341.399 50176.000 34.456 0.000 0.000 0.000 0.000 2048.000 1.406
503040.000 367.239 25088.000 18.315 0.000 0.000 0.000 0.000 1024.000 0.748
453056.000 338.079 50176.000 37.442 0.000 0.000 0.000 0.000 2048.000 1.528
438336.000 327.649 50176.000 37.506 0.000 0.000 0.000 0.000 2048.000 1.531
454272.000 335.680 37632.000 27.808 0.000 0.000 0.000 0.000 2048.000 1.513
532480.000 397.501 37632.000 28.093 0.000 0.000 0.000 0.000 1024.000 0.764
0.000 0.000 25088.000 15.333 0.000 0.000 0.000 0.000 1024.000 0.626
247424.000 160.522 0.000 0.000 17552.000 11.387 300.000 0.195 0.000 0.000
430400.000 316.559 50176.000 36.904 0.000 0.000 0.000 0.000 2048.000 1.506
432960.000 317.876 50176.000 36.839 0.000 0.000 0.000 0.000 2048.000 1.504
486656.000 354.287 25088.000 18.264 0.000 0.000 0.000 0.000 1536.000 1.118
504960.000 374.583 50176.000 37.221 0.000 0.000 0.000 0.000 1536.000 1.139
409856.000 300.274 50176.000 36.761 0.000 0.000 0.000 0.000 2048.000 1.500
462464.000 344.760 50176.000 37.405 0.000 0.000 0.000 0.000 2048.000 1.527
543104.000 329.415 50176.000 30.434 0.000 0.000 0.000 0.000 2048.000 1.242
503104.000 345.983 50176.000 34.506 0.000 0.000 0.000 0.000 2048.000 1.408
238784.000 162.921 25088.000 17.117 0.000 0.000 0.000 0.000 1024.000 0.699
8320.000 5.463 0.000 0.000 17552.000 11.524 300.000 0.197 0.000 0.000
500096.000 354.203 25088.000 17.769 0.000 0.000 0.000 0.000 1024.000 0.725
437120.000 321.582 50176.000 36.914 0.000 0.000 0.000 0.000 2048.000 1.507
402176.000 294.965 50176.000 36.800 0.000 0.000 0.000 0.000 2048.000 1.502
515968.000 362.655 37632.000 26.450 0.000 0.000 0.000 0.000 2048.000 1.439
477760.000 348.974 37632.000 27.488 0.000 0.000 0.000 0.000 1024.000 0.748
453056.000 335.170 50176.000 37.120 0.000 0.000 0.000 0.000 2048.000 1.515
445440.000 332.621 50176.000 37.468 0.000 0.000 0.000 0.000 2048.000 1.529
487424.000 337.851 37632.000 26.084 0.000 0.000 0.000 0.000 2048.000 1.420
532480.000 395.996 37632.000 27.986 0.000 0.000 0.000 0.000 1024.000 0.762
0.000 0.000 25088.000 16.135 0.000 0.000 0.000 0.000 1024.000 0.659
83408.000 53.444 0.000 0.000 17920.000 11.482 128.000 0.082 0.000 0.000
374640.000 267.068 0.000 0.000 2560.000 1.825 0.000 0.000 0.000 0.000
329424.000 241.653 25088.000 18.404 2304.000 1.690 0.000 0.000 1024.000 0.751
333632.000 244.446 25088.000 18.382 2304.000 1.688 0.000 0.000 1024.000 0.750
350384.000 259.072 12544.000 9.275 1936.000 1.431 0.000 0.000 1024.000 0.757
373488.000 277.220 12544.000 9.311 0.000 0.000 0.000 0.000 0.000 0.000
321024.000 237.468 25088.000 18.558 0.000 0.000 0.000 0.000 1024.000 0.757
324928.000 238.142 25088.000 18.387 0.000 0.000 0.000 0.000 1024.000 0.750
421520.000 283.854 0.000 0.000 0.000 0.000 0.000 0.000 0.000 0.000
336064.000 249.091 25088.000 18.595 0.000 0.000 0.000 0.000 1024.000 0.759
336448.000 250.983 25088.000 18.715 0.000 0.000 0.000 0.000 1024.000 0.764
339008.000 252.518 18248.000 13.592 0.000 0.000 0.000 0.000 1024.000 0.763
0.000 0.000 6832.000 3.830 0.000 0.000 0.000 0.000 0.000 0.000
0.000 0.000 11760.000 7.839 11360.000 7.572 36.000 0.024 192512.000 128.323
0.000 0.000 20384.000 13.773 0.000 0.000 0.000 0.000 322432.000 217.852
0.000 0.000 18032.000 12.422 0.000 0.000 0.000 0.000 287872.000 198.319
422528.000 288.934 0.000 0.000 2848.000 1.948 968.000 0.662 0.000 0.000
384896.000 271.906 25088.000 17.723 0.000 0.000 0.000 0.000 2048.000 1.447
441856.000 315.722 0.000 0.000 0.000 0.000 0.000 0.000 1024.000 0.732
450176.000 320.890 25088.000 17.883 0.000 0.000 0.000 0.000 1024.000 0.730
428672.000 279.493 25088.000 16.357 0.000 0.000 0.000 0.000 2048.000 1.335
370432.000 250.465 25088.000 16.963 0.000 0.000 0.000 0.000 2048.000 1.385
369664.000 251.863 0.000 0.000 1184.000 0.807 972.000 0.662 0.000 0.000
487680.000 353.176 0.000 0.000 0.000 0.000 0.000 0.000 0.000 0.000
391936.000 287.082 12544.000 9.188 0.000 0.000 0.000 0.000 4096.000 3.000
304400.000 213.485 12544.000 8.797 3488.000 2.446 2764.000 1.938 0.000 0.000
449728.000 315.672 0.000 0.000 0.000 0.000 0.000 0.000 0.000 0.000
451168.000 317.469 0.000 0.000 0.000 0.000 0.000 0.000 0.000 0.000
465312.000 312.992 0.000 0.000 0.000 0.000 0.000 0.000 0.000 0.000
452544.000 316.095 0.000 0.000 0.000 0.000 0.000 0.000 0.000 0.000
286320.000 201.166 25088.000 17.627 0.000 0.000 0.000 0.000 4096.000 2.878
404144.000 281.428 0.000 0.000 3488.000 2.429 2764.000 1.925 0.000 0.000
449344.000 316.019 0.000 0.000 0.000 0.000 0.000 0.000 0.000 0.000
451904.000 317.081 0.000 0.000 0.000 0.000 0.000 0.000 0.000 0.000
487504.000 313.028 0.000 0.000 0.000 0.000 0.000 0.000 0.000 0.000
468560.000 311.557 0.000 0.000 0.000 0.000 0.000 0.000 0.000 0.000
211120.000 148.126 25088.000 17.602 1424.000 0.999 968.000 0.679 4096.000 2.874
409600.000 291.194 25088.000 17.836 0.000 0.000 0.000 0.000 2048.000 1.456
151936.000 103.926 25088.000 17.160 0.000 0.000 0.000 0.000 2048.000 1.401
0.000 0.000 9216.000 6.475 11360.000 7.982 36.000 0.025 200704.000 141.016
