309888.000 255.797 0.000 0.000 1312.000 1.083 1808.000 1.492 0.000 0.000
171392.000 116.338 35656.000 24.203 1856.000 1.260 36.000 0.024 25728.000 17.464
97856.000 71.836 27056.000 19.862 1376.000 1.010 1812.000 1.330 100352.000 73.668
195264.000 144.935 0.000 0.000 0.000 0.000 0.000 0.000 640.000 0.475
153920.000 113.165 31360.000 23.056 1376.000 1.012 1812.000 1.332 640.000 0.471
140608.000 92.489 31360.000 20.628 2544.000 1.673 352.000 0.232 1280.000 0.842
283392.000 211.871 77400.000 57.866 0.000 0.000 0.000 0.000 3200.000 2.392
184000.000 131.401 992.000 0.708 1408.000 1.006 2136.000 1.525 0.000 0.000
293184.000 212.457 0.000 0.000 0.000 0.000 0.000 0.000 0.000 0.000
262720.000 188.435 0.000 0.000 0.000 0.000 0.000 0.000 0.000 0.000
292608.000 212.551 0.000 0.000 0.000 0.000 0.000 0.000 0.000 0.000
261056.000 191.463 0.000 0.000 0.000 0.000 0.000 0.000 0.000 0.000
224832.000 153.845 19600.000 13.412 0.000 0.000 0.000 0.000 1600.000 1.095
237088.000 166.632 19600.000 13.775 1680.000 1.181 2876.000 2.021 3200.000 2.249
262480.000 190.432 0.000 0.000 0.000 0.000 0.000 0.000 0.000 0.000
263872.000 192.130 0.000 0.000 0.000 0.000 0.000 0.000 0.000 0.000
291920.000 211.822 0.000 0.000 0.000 0.000 0.000 0.000 0.000 0.000
291920.000 196.121 0.000 0.000 0.000 0.000 0.000 0.000 0.000 0.000
278096.000 201.993 0.000 0.000 0.000 0.000 0.000 0.000 0.000 0.000
203456.000 135.792 19600.000 13.082 1408.000 0.940 2136.000 1.426 1600.000 1.068
277440.000 200.609 0.000 0.000 0.000 0.000 0.000 0.000 0.000 0.000
289104.000 210.025 0.000 0.000 0.000 0.000 0.000 0.000 0.000 0.000
266064.000 192.321 0.000 0.000 0.000 0.000 0.000 0.000 0.000 0.000
265296.000 192.704 0.000 0.000 0.000 0.000 0.000 0.000 0.000 0.000
219184.000 154.560 19600.000 13.821 1408.000 0.993 2136.000 1.506 1600.000 1.128
267088.000 191.689 0.000 0.000 0.000 0.000 0.000 0.000 0.000 0.000
304848.000 196.495 0.000 0.000 0.000 0.000 0.000 0.000 0.000 0.000
270032.000 191.701 0.000 0.000 0.000 0.000 0.000 0.000 0.000 0.000
278592.000 202.397 0.000 0.000 0.000 0.000 0.000 0.000 0.000 0.000
286672.000 208.324 0.000 0.000 0.000 0.000 0.000 0.000 0.000 0.000
5248.000 3.614 19600.000 13.496 0.000 0.000 0.000 0.000 1600.000 1.102
